Minute | Consumption (W) - SCENARIO: Routine + Laundry + Cleaning
---------------------------------------------
1      | 210.00         
2      | 210.00         
3      | 210.00         
4      | 210.00         
5      | 210.00         
6      | 210.00         
7      | 210.00         
8      | 210.00         
9      | 210.00         
10     | 210.00         
11     | 210.00         
12     | 210.00         
13     | 210.00         
14     | 210.00         
15     | 210.00         
16     | 210.00         
17     | 210.00         
18     | 210.00         
19     | 210.00         
20     | 210.00         
21     | 210.00         
22     | 210.00         
23     | 210.00         
24     | 210.00         
25     | 210.00         
26     | 210.00         
27     | 210.00         
28     | 210.00         
29     | 210.00         
30     | 210.00         
31     | 210.00         
32     | 210.00         
33     | 210.00         
34     | 210.00         
35     | 210.00         
36     | 210.00         
37     | 210.00         
38     | 210.00         
39     | 210.00         
40     | 210.00         
41     | 210.00         
42     | 210.00         
43     | 210.00         
44     | 210.00         
45     | 210.00         
46     | 210.00         
47     | 210.00         
48     | 210.00         
49     | 210.00         
50     | 210.00         
51     | 210.00         
52     | 210.00         
53     | 210.00         
54     | 210.00         
55     | 210.00         
56     | 210.00         
57     | 210.00         
58     | 210.00         
59     | 210.00         
60     | 210.00         
61     | 210.00         
62     | 210.00         
63     | 210.00         
64     | 210.00         
65     | 210.00         
66     | 210.00         
67     | 210.00         
68     | 210.00         
69     | 210.00         
70     | 210.00         
71     | 210.00         
72     | 210.00         
73     | 210.00         
74     | 210.00         
75     | 210.00         
76     | 210.00         
77     | 210.00         
78     | 210.00         
79     | 210.00         
80     | 210.00         
81     | 210.00         
82     | 210.00         
83     | 210.00         
84     | 210.00         
85     | 210.00         
86     | 210.00         
87     | 210.00         
88     | 210.00         
89     | 210.00         
90     | 210.00         
91     | 210.00         
92     | 210.00         
93     | 210.00         
94     | 210.00         
95     | 210.00         
96     | 210.00         
97     | 210.00         
98     | 210.00         
99     | 210.00         
100    | 210.00         
101    | 210.00         
102    | 210.00         
103    | 210.00         
104    | 210.00         
105    | 210.00         
106    | 210.00         
107    | 210.00         
108    | 210.00         
109    | 210.00         
110    | 210.00         
111    | 210.00         
112    | 210.00         
113    | 210.00         
114    | 210.00         
115    | 210.00         
116    | 210.00         
117    | 210.00         
118    | 210.00         
119    | 210.00         
120    | 210.00         
121    | 210.00         
122    | 210.00         
123    | 210.00         
124    | 210.00         
125    | 210.00         
126    | 210.00         
127    | 210.00         
128    | 210.00         
129    | 210.00         
130    | 210.00         
131    | 210.00         
132    | 210.00         
133    | 210.00         
134    | 210.00         
135    | 210.00         
136    | 210.00         
137    | 210.00         
138    | 210.00         
139    | 210.00         
140    | 210.00         
141    | 210.00         
142    | 210.00         
143    | 210.00         
144    | 210.00         
145    | 210.00         
146    | 210.00         
147    | 210.00         
148    | 210.00         
149    | 210.00         
150    | 210.00         
151    | 210.00         
152    | 210.00         
153    | 210.00         
154    | 210.00         
155    | 210.00         
156    | 210.00         
157    | 210.00         
158    | 210.00         
159    | 210.00         
160    | 210.00         
161    | 210.00         
162    | 210.00         
163    | 210.00         
164    | 210.00         
165    | 210.00         
166    | 210.00         
167    | 210.00         
168    | 210.00         
169    | 210.00         
170    | 210.00         
171    | 210.00         
172    | 210.00         
173    | 210.00         
174    | 210.00         
175    | 210.00         
176    | 210.00         
177    | 210.00         
178    | 210.00         
179    | 210.00         
180    | 210.00         
181    | 210.00         
182    | 210.00         
183    | 210.00         
184    | 210.00         
185    | 210.00         
186    | 210.00         
187    | 210.00         
188    | 210.00         
189    | 210.00         
190    | 210.00         
191    | 210.00         
192    | 210.00         
193    | 210.00         
194    | 210.00         
195    | 210.00         
196    | 210.00         
197    | 210.00         
198    | 210.00         
199    | 210.00         
200    | 210.00         
201    | 210.00         
202    | 210.00         
203    | 210.00         
204    | 210.00         
205    | 210.00         
206    | 210.00         
207    | 210.00         
208    | 210.00         
209    | 210.00         
210    | 210.00         
211    | 210.00         
212    | 210.00         
213    | 210.00         
214    | 210.00         
215    | 210.00         
216    | 210.00         
217    | 210.00         
218    | 210.00         
219    | 210.00         
220    | 210.00         
221    | 210.00         
222    | 210.00         
223    | 210.00         
224    | 210.00         
225    | 210.00         
226    | 210.00         
227    | 210.00         
228    | 210.00         
229    | 210.00         
230    | 210.00         
231    | 210.00         
232    | 210.00         
233    | 210.00         
234    | 210.00         
235    | 210.00         
236    | 210.00         
237    | 210.00         
238    | 210.00         
239    | 210.00         
240    | 210.00         
241    | 210.00         
242    | 210.00         
243    | 210.00         
244    | 210.00         
245    | 210.00         
246    | 210.00         
247    | 210.00         
248    | 210.00         
249    | 210.00         
250    | 210.00         
251    | 210.00         
252    | 210.00         
253    | 210.00         
254    | 210.00         
255    | 210.00         
256    | 210.00         
257    | 210.00         
258    | 210.00         
259    | 210.00         
260    | 210.00         
261    | 210.00         
262    | 210.00         
263    | 210.00         
264    | 210.00         
265    | 210.00         
266    | 210.00         
267    | 210.00         
268    | 210.00         
269    | 210.00         
270    | 210.00         
271    | 210.00         
272    | 210.00         
273    | 210.00         
274    | 210.00         
275    | 210.00         
276    | 210.00         
277    | 210.00         
278    | 210.00         
279    | 210.00         
280    | 210.00         
281    | 210.00         
282    | 210.00         
283    | 210.00         
284    | 210.00         
285    | 210.00         
286    | 210.00         
287    | 210.00         
288    | 210.00         
289    | 210.00         
290    | 210.00         
291    | 210.00         
292    | 210.00         
293    | 210.00         
294    | 210.00         
295    | 210.00         
296    | 210.00         
297    | 210.00         
298    | 210.00         
299    | 210.00         
300    | 210.00         
301    | 210.00         
302    | 210.00         
303    | 210.00         
304    | 210.00         
305    | 210.00         
306    | 210.00         
307    | 210.00         
308    | 210.00         
309    | 210.00         
310    | 210.00         
311    | 210.00         
312    | 210.00         
313    | 210.00         
314    | 210.00         
315    | 210.00         
316    | 210.00         
317    | 210.00         
318    | 210.00         
319    | 210.00         
320    | 210.00         
321    | 210.00         
322    | 210.00         
323    | 210.00         
324    | 210.00         
325    | 210.00         
326    | 210.00         
327    | 210.00         
328    | 210.00         
329    | 210.00         
330    | 210.00         
331    | 210.00         
332    | 210.00         
333    | 210.00         
334    | 210.00         
335    | 210.00         
336    | 210.00         
337    | 210.00         
338    | 210.00         
339    | 210.00         
340    | 210.00         
341    | 210.00         
342    | 210.00         
343    | 210.00         
344    | 210.00         
345    | 210.00         
346    | 210.00         
347    | 210.00         
348    | 210.00         
349    | 210.00         
350    | 210.00         
351    | 210.00         
352    | 210.00         
353    | 210.00         
354    | 210.00         
355    | 210.00         
356    | 210.00         
357    | 210.00         
358    | 210.00         
359    | 210.00         
360    | 210.00         
361    | 347.11         
362    | 350.55         
363    | 348.05         
364    | 353.19         
365    | 347.69         
366    | 348.49         
367    | 347.47         
368    | 352.64         
369    | 350.59         
370    | 347.80         
371    | 349.48         
372    | 352.22         
373    | 353.57         
374    | 349.77         
375    | 350.05         
376    | 352.45         
377    | 347.55         
378    | 350.22         
379    | 349.72         
380    | 348.11         
381    | 350.94         
382    | 353.18         
383    | 350.38         
384    | 348.98         
385    | 351.96         
386    | 348.32         
387    | 350.16         
388    | 348.47         
389    | 347.76         
390    | 348.86         
391    | 2347.49        
392    | 2346.79        
393    | 2347.84        
394    | 2347.67        
395    | 2349.05        
396    | 352.91         
397    | 350.52         
398    | 353.09         
399    | 349.24         
400    | 352.38         
401    | 353.21         
402    | 347.27         
403    | 352.02         
404    | 352.35         
405    | 347.82         
406    | 349.89         
407    | 346.96         
408    | 352.30         
409    | 348.19         
410    | 347.83         
411    | 353.54         
412    | 348.05         
413    | 347.01         
414    | 352.33         
415    | 346.93         
416    | 350.76         
417    | 351.50         
418    | 348.96         
419    | 351.49         
420    | 351.63         
421    | 748.74         
422    | 748.28         
423    | 750.32         
424    | 749.53         
425    | 749.91         
426    | 749.82         
427    | 746.96         
428    | 753.16         
429    | 748.73         
430    | 749.51         
431    | 746.61         
432    | 750.06         
433    | 749.30         
434    | 751.47         
435    | 748.22         
436    | 748.95         
437    | 752.58         
438    | 752.41         
439    | 750.00         
440    | 746.65         
441    | 749.87         
442    | 750.43         
443    | 751.56         
444    | 749.81         
445    | 750.02         
446    | 747.68         
447    | 751.95         
448    | 751.13         
449    | 751.75         
450    | 753.57         
451    | 752.12         
452    | 749.03         
453    | 753.58         
454    | 748.12         
455    | 747.31         
456    | 749.25         
457    | 746.91         
458    | 750.18         
459    | 747.74         
460    | 752.36         
461    | 747.26         
462    | 753.32         
463    | 748.37         
464    | 752.71         
465    | 752.61         
466    | 751.66         
467    | 753.37         
468    | 753.08         
469    | 747.53         
470    | 748.22         
471    | 751.74         
472    | 750.67         
473    | 752.98         
474    | 749.77         
475    | 751.50         
476    | 749.19         
477    | 752.56         
478    | 753.30         
479    | 747.88         
480    | 747.90         
481    | 2752.60        
482    | 2748.90        
483    | 2749.75        
484    | 2750.23        
485    | 2747.10        
486    | 746.52         
487    | 751.62         
488    | 748.10         
489    | 748.34         
490    | 750.82         
491    | 747.40         
492    | 746.54         
493    | 750.26         
494    | 752.91         
495    | 747.42         
496    | 747.17         
497    | 751.42         
498    | 748.85         
499    | 747.05         
500    | 749.71         
501    | 751.78         
502    | 747.19         
503    | 750.39         
504    | 750.40         
505    | 750.47         
506    | 748.72         
507    | 752.14         
508    | 753.50         
509    | 750.87         
510    | 746.66         
511    | 751.37         
512    | 747.18         
513    | 750.22         
514    | 753.24         
515    | 747.83         
516    | 746.47         
517    | 751.15         
518    | 752.89         
519    | 747.66         
520    | 748.04         
521    | 749.91         
522    | 749.76         
523    | 747.62         
524    | 750.24         
525    | 751.95         
526    | 747.05         
527    | 751.15         
528    | 748.28         
529    | 753.57         
530    | 753.18         
531    | 747.62         
532    | 746.66         
533    | 752.95         
534    | 746.71         
535    | 751.77         
536    | 749.54         
537    | 749.61         
538    | 748.26         
539    | 751.83         
540    | 749.13         
541    | 576.46         
542    | 578.46         
543    | 577.51         
544    | 580.93         
545    | 578.27         
546    | 580.17         
547    | 578.91         
548    | 577.54         
549    | 579.15         
550    | 577.14         
551    | 580.88         
552    | 579.81         
553    | 581.62         
554    | 581.54         
555    | 576.74         
556    | 582.25         
557    | 583.30         
558    | 576.52         
559    | 578.31         
560    | 576.56         
561    | 580.55         
562    | 579.36         
563    | 577.11         
564    | 583.53         
565    | 576.46         
566    | 580.33         
567    | 582.55         
568    | 582.17         
569    | 583.41         
570    | 577.87         
571    | 580.71         
572    | 578.72         
573    | 576.54         
574    | 582.74         
575    | 580.65         
576    | 577.83         
577    | 583.37         
578    | 579.20         
579    | 583.02         
580    | 577.95         
581    | 581.10         
582    | 578.41         
583    | 578.25         
584    | 578.85         
585    | 579.78         
586    | 580.24         
587    | 577.55         
588    | 582.64         
589    | 580.32         
590    | 580.69         
591    | 579.97         
592    | 583.58         
593    | 582.17         
594    | 578.12         
595    | 583.43         
596    | 578.83         
597    | 577.19         
598    | 579.45         
599    | 582.26         
600    | 579.39         
601    | 2077.33        
602    | 2080.15        
603    | 2076.89        
604    | 2076.64        
605    | 2079.35        
606    | 2079.90        
607    | 2080.32        
608    | 2078.02        
609    | 2076.73        
610    | 2076.62        
611    | 2076.41        
612    | 2080.40        
613    | 2082.90        
614    | 2079.32        
615    | 2080.77        
616    | 2081.60        
617    | 2079.77        
618    | 2077.82        
619    | 2078.52        
620    | 2080.06        
621    | 2078.60        
622    | 2079.35        
623    | 2081.81        
624    | 2083.45        
625    | 2080.03        
626    | 2083.06        
627    | 2082.90        
628    | 2080.25        
629    | 2079.93        
630    | 2079.98        
631    | 2082.56        
632    | 2079.81        
633    | 2077.54        
634    | 2078.20        
635    | 2080.90        
636    | 2079.99        
637    | 2078.09        
638    | 2080.93        
639    | 2077.58        
640    | 2080.33        
641    | 2082.12        
642    | 2079.53        
643    | 2076.69        
644    | 2083.00        
645    | 2081.84        
646    | 2076.65        
647    | 2083.16        
648    | 2077.79        
649    | 2080.08        
650    | 2077.00        
651    | 2077.39        
652    | 2081.77        
653    | 2078.24        
654    | 2082.14        
655    | 2077.49        
656    | 2077.58        
657    | 2079.18        
658    | 2082.50        
659    | 2082.61        
660    | 2079.59        
661    | 578.25         
662    | 576.41         
663    | 580.64         
664    | 578.45         
665    | 578.27         
666    | 577.46         
667    | 581.24         
668    | 581.08         
669    | 583.51         
670    | 581.11         
671    | 576.57         
672    | 580.81         
673    | 580.14         
674    | 583.13         
675    | 578.76         
676    | 581.57         
677    | 580.91         
678    | 582.79         
679    | 580.01         
680    | 578.49         
681    | 579.74         
682    | 582.00         
683    | 582.87         
684    | 583.35         
685    | 579.89         
686    | 581.76         
687    | 580.47         
688    | 580.22         
689    | 581.88         
690    | 580.55         
691    | 582.22         
692    | 579.80         
693    | 579.72         
694    | 578.58         
695    | 581.29         
696    | 581.74         
697    | 583.49         
698    | 581.15         
699    | 577.80         
700    | 579.71         
701    | 582.58         
702    | 581.12         
703    | 579.68         
704    | 581.55         
705    | 576.60         
706    | 579.55         
707    | 576.58         
708    | 583.45         
709    | 583.20         
710    | 578.75         
711    | 580.37         
712    | 578.44         
713    | 582.16         
714    | 577.56         
715    | 582.76         
716    | 579.50         
717    | 581.01         
718    | 581.38         
719    | 580.57         
720    | 581.33         
721    | 728.15         
722    | 727.78         
723    | 727.13         
724    | 727.66         
725    | 727.18         
726    | 726.76         
727    | 731.61         
728    | 727.83         
729    | 732.30         
730    | 732.37         
731    | 1727.25        
732    | 1728.65        
733    | 1728.69        
734    | 1733.44        
735    | 1732.14        
736    | 1729.24        
737    | 1731.11        
738    | 1733.44        
739    | 1729.47        
740    | 1729.11        
741    | 730.84         
742    | 733.24         
743    | 731.15         
744    | 732.94         
745    | 730.85         
746    | 729.31         
747    | 733.56         
748    | 733.04         
749    | 731.94         
750    | 729.40         
751    | 728.52         
752    | 726.65         
753    | 731.49         
754    | 732.87         
755    | 731.83         
756    | 732.78         
757    | 731.72         
758    | 730.09         
759    | 728.32         
760    | 729.95         
761    | 733.18         
762    | 728.32         
763    | 726.40         
764    | 727.35         
765    | 730.05         
766    | 729.12         
767    | 729.61         
768    | 728.56         
769    | 728.73         
770    | 727.75         
771    | 733.53         
772    | 728.50         
773    | 732.54         
774    | 732.82         
775    | 731.18         
776    | 733.26         
777    | 732.76         
778    | 730.30         
779    | 730.51         
780    | 732.65         
781    | 697.12         
782    | 697.84         
783    | 699.50         
784    | 701.61         
785    | 702.69         
786    | 701.86         
787    | 699.07         
788    | 696.81         
789    | 700.11         
790    | 700.79         
791    | 698.39         
792    | 700.79         
793    | 701.65         
794    | 703.56         
795    | 702.03         
796    | 702.51         
797    | 702.53         
798    | 700.64         
799    | 702.80         
800    | 701.24         
801    | 698.34         
802    | 702.77         
803    | 697.51         
804    | 699.73         
805    | 699.32         
806    | 699.54         
807    | 697.54         
808    | 703.49         
809    | 701.76         
810    | 697.72         
811    | 702.61         
812    | 698.49         
813    | 701.32         
814    | 702.53         
815    | 699.71         
816    | 697.89         
817    | 699.46         
818    | 700.75         
819    | 703.05         
820    | 699.89         
821    | 698.48         
822    | 697.10         
823    | 702.55         
824    | 697.93         
825    | 700.17         
826    | 702.52         
827    | 698.90         
828    | 701.86         
829    | 702.10         
830    | 702.18         
831    | 700.23         
832    | 697.20         
833    | 699.47         
834    | 702.71         
835    | 702.23         
836    | 702.61         
837    | 702.65         
838    | 702.21         
839    | 701.97         
840    | 697.89         
841    | 1500.19        
842    | 1502.03        
843    | 1502.92        
844    | 1503.40        
845    | 1503.28        
846    | 1499.45        
847    | 1497.80        
848    | 1499.00        
849    | 1499.58        
850    | 1501.83        
851    | 1497.72        
852    | 1503.41        
853    | 1499.76        
854    | 1498.78        
855    | 1500.50        
856    | 1503.34        
857    | 1496.91        
858    | 1498.54        
859    | 1499.79        
860    | 1503.57        
861    | 1500.77        
862    | 1496.81        
863    | 1503.17        
864    | 1503.04        
865    | 1501.83        
866    | 1497.15        
867    | 1500.41        
868    | 1500.51        
869    | 1500.47        
870    | 1499.66        
871    | 702.75         
872    | 699.76         
873    | 698.34         
874    | 702.80         
875    | 701.13         
876    | 701.82         
877    | 702.40         
878    | 697.51         
879    | 702.92         
880    | 699.02         
881    | 699.23         
882    | 703.10         
883    | 698.21         
884    | 697.75         
885    | 702.06         
886    | 700.88         
887    | 702.75         
888    | 701.09         
889    | 700.12         
890    | 698.52         
891    | 702.95         
892    | 702.71         
893    | 703.27         
894    | 697.14         
895    | 703.47         
896    | 698.04         
897    | 697.89         
898    | 700.15         
899    | 701.23         
900    | 700.25         
901    | 700.23         
902    | 697.38         
903    | 703.47         
904    | 700.61         
905    | 702.50         
906    | 697.84         
907    | 701.40         
908    | 696.48         
909    | 699.10         
910    | 702.64         
911    | 701.26         
912    | 698.93         
913    | 701.67         
914    | 702.55         
915    | 703.55         
916    | 702.27         
917    | 699.80         
918    | 697.66         
919    | 701.75         
920    | 698.85         
921    | 696.73         
922    | 698.05         
923    | 697.95         
924    | 701.58         
925    | 697.04         
926    | 702.57         
927    | 697.71         
928    | 702.02         
929    | 697.43         
930    | 700.90         
931    | 703.09         
932    | 702.67         
933    | 702.10         
934    | 698.97         
935    | 700.27         
936    | 696.76         
937    | 698.57         
938    | 700.93         
939    | 702.08         
940    | 699.12         
941    | 701.76         
942    | 701.35         
943    | 700.68         
944    | 700.29         
945    | 699.14         
946    | 697.91         
947    | 698.36         
948    | 696.42         
949    | 701.98         
950    | 696.76         
951    | 696.84         
952    | 702.24         
953    | 698.74         
954    | 698.39         
955    | 698.33         
956    | 698.98         
957    | 697.02         
958    | 701.56         
959    | 698.00         
960    | 702.00         
961    | 699.99         
962    | 698.47         
963    | 700.04         
964    | 699.55         
965    | 702.92         
966    | 703.17         
967    | 701.62         
968    | 701.02         
969    | 698.14         
970    | 699.57         
971    | 701.84         
972    | 700.89         
973    | 696.66         
974    | 700.30         
975    | 703.51         
976    | 702.58         
977    | 701.38         
978    | 702.19         
979    | 698.47         
980    | 696.93         
981    | 697.65         
982    | 697.12         
983    | 697.44         
984    | 698.92         
985    | 698.48         
986    | 702.95         
987    | 696.45         
988    | 702.97         
989    | 702.69         
990    | 697.69         
991    | 698.40         
992    | 698.85         
993    | 699.49         
994    | 698.97         
995    | 698.08         
996    | 698.54         
997    | 698.56         
998    | 697.38         
999    | 700.24         
1000   | 703.12         
1001   | 697.86         
1002   | 700.65         
1003   | 699.15         
1004   | 700.70         
1005   | 699.10         
1006   | 702.62         
1007   | 696.57         
1008   | 702.46         
1009   | 699.79         
1010   | 701.40         
1011   | 696.73         
1012   | 702.69         
1013   | 697.63         
1014   | 703.34         
1015   | 699.59         
1016   | 701.64         
1017   | 703.01         
1018   | 701.70         
1019   | 702.22         
1020   | 701.80         
1021   | 849.37         
1022   | 848.89         
1023   | 849.02         
1024   | 846.57         
1025   | 852.51         
1026   | 850.10         
1027   | 851.82         
1028   | 848.29         
1029   | 853.46         
1030   | 847.51         
1031   | 849.24         
1032   | 849.40         
1033   | 846.77         
1034   | 852.32         
1035   | 850.36         
1036   | 849.80         
1037   | 852.38         
1038   | 851.32         
1039   | 847.75         
1040   | 851.51         
1041   | 853.11         
1042   | 847.61         
1043   | 847.67         
1044   | 852.52         
1045   | 852.00         
1046   | 846.61         
1047   | 847.81         
1048   | 852.00         
1049   | 846.73         
1050   | 847.45         
1051   | 849.06         
1052   | 851.94         
1053   | 850.57         
1054   | 847.85         
1055   | 848.30         
1056   | 852.93         
1057   | 853.48         
1058   | 847.20         
1059   | 853.56         
1060   | 851.08         
1061   | 852.36         
1062   | 852.21         
1063   | 848.26         
1064   | 850.03         
1065   | 848.35         
1066   | 850.17         
1067   | 849.34         
1068   | 847.96         
1069   | 852.93         
1070   | 848.66         
1071   | 848.66         
1072   | 853.11         
1073   | 847.67         
1074   | 848.98         
1075   | 853.55         
1076   | 846.79         
1077   | 851.85         
1078   | 850.16         
1079   | 851.84         
1080   | 848.62         
1081   | 847.89         
1082   | 851.91         
1083   | 846.43         
1084   | 848.54         
1085   | 849.32         
1086   | 853.58         
1087   | 852.30         
1088   | 847.76         
1089   | 846.56         
1090   | 848.72         
1091   | 849.90         
1092   | 849.38         
1093   | 850.77         
1094   | 846.86         
1095   | 852.87         
1096   | 847.73         
1097   | 847.67         
1098   | 852.57         
1099   | 851.14         
1100   | 850.27         
1101   | 850.51         
1102   | 849.20         
1103   | 850.30         
1104   | 849.14         
1105   | 849.88         
1106   | 851.72         
1107   | 847.00         
1108   | 846.52         
1109   | 853.33         
1110   | 853.12         
1111   | 847.53         
1112   | 850.97         
1113   | 849.73         
1114   | 850.04         
1115   | 846.80         
1116   | 851.16         
1117   | 851.22         
1118   | 852.62         
1119   | 849.37         
1120   | 850.54         
1121   | 853.11         
1122   | 847.34         
1123   | 853.40         
1124   | 851.63         
1125   | 848.72         
1126   | 851.20         
1127   | 849.91         
1128   | 850.48         
1129   | 848.40         
1130   | 847.12         
1131   | 850.24         
1132   | 847.77         
1133   | 851.98         
1134   | 847.18         
1135   | 849.75         
1136   | 848.38         
1137   | 849.20         
1138   | 846.72         
1139   | 852.04         
1140   | 848.99         
1141   | 847.74         
1142   | 848.81         
1143   | 853.44         
1144   | 850.01         
1145   | 847.98         
1146   | 851.33         
1147   | 849.92         
1148   | 851.58         
1149   | 849.69         
1150   | 848.38         
1151   | 852.66         
1152   | 850.18         
1153   | 853.00         
1154   | 849.86         
1155   | 848.98         
1156   | 853.55         
1157   | 849.83         
1158   | 853.50         
1159   | 851.05         
1160   | 847.90         
1161   | 852.01         
1162   | 849.78         
1163   | 851.03         
1164   | 849.08         
1165   | 850.22         
1166   | 847.76         
1167   | 850.10         
1168   | 846.81         
1169   | 851.83         
1170   | 851.79         
1171   | 848.41         
1172   | 851.99         
1173   | 853.35         
1174   | 849.37         
1175   | 848.69         
1176   | 852.02         
1177   | 849.33         
1178   | 853.25         
1179   | 848.32         
1180   | 850.14         
1181   | 846.93         
1182   | 849.15         
1183   | 849.61         
1184   | 849.42         
1185   | 851.74         
1186   | 846.73         
1187   | 852.60         
1188   | 850.10         
1189   | 850.10         
1190   | 850.56         
1191   | 849.26         
1192   | 853.52         
1193   | 850.55         
1194   | 852.39         
1195   | 849.56         
1196   | 850.66         
1197   | 850.14         
1198   | 847.46         
1199   | 849.99         
1200   | 851.79         
1201   | 853.39         
1202   | 851.25         
1203   | 847.43         
1204   | 852.19         
1205   | 847.49         
1206   | 849.44         
1207   | 851.62         
1208   | 851.25         
1209   | 849.58         
1210   | 848.87         
1211   | 851.88         
1212   | 852.83         
1213   | 851.98         
1214   | 848.61         
1215   | 847.43         
1216   | 846.44         
1217   | 847.83         
1218   | 846.61         
1219   | 848.53         
1220   | 853.23         
1221   | 846.97         
1222   | 848.67         
1223   | 848.19         
1224   | 846.48         
1225   | 853.00         
1226   | 847.09         
1227   | 852.96         
1228   | 848.66         
1229   | 848.88         
1230   | 847.55         
1231   | 852.40         
1232   | 851.97         
1233   | 851.69         
1234   | 852.13         
1235   | 850.72         
1236   | 848.26         
1237   | 850.18         
1238   | 851.39         
1239   | 853.51         
1240   | 848.90         
1241   | 847.20         
1242   | 848.87         
1243   | 849.04         
1244   | 852.66         
1245   | 852.51         
1246   | 850.02         
1247   | 849.04         
1248   | 851.90         
1249   | 848.55         
1250   | 847.94         
1251   | 848.41         
1252   | 849.99         
1253   | 853.50         
1254   | 847.70         
1255   | 853.33         
1256   | 853.26         
1257   | 846.90         
1258   | 849.42         
1259   | 852.77         
1260   | 847.00         
1261   | 451.34         
1262   | 448.72         
1263   | 452.93         
1264   | 452.45         
1265   | 450.38         
1266   | 453.04         
1267   | 449.13         
1268   | 448.30         
1269   | 449.84         
1270   | 452.33         
1271   | 452.37         
1272   | 449.85         
1273   | 450.81         
1274   | 446.90         
1275   | 447.25         
1276   | 450.82         
1277   | 446.58         
1278   | 449.38         
1279   | 451.82         
1280   | 451.37         
1281   | 447.03         
1282   | 449.50         
1283   | 450.39         
1284   | 449.67         
1285   | 449.70         
1286   | 453.06         
1287   | 452.23         
1288   | 448.15         
1289   | 452.77         
1290   | 452.23         
1291   | 452.40         
1292   | 449.83         
1293   | 449.54         
1294   | 451.05         
1295   | 449.00         
1296   | 448.72         
1297   | 449.75         
1298   | 447.93         
1299   | 451.68         
1300   | 453.22         
1301   | 448.26         
1302   | 447.20         
1303   | 451.33         
1304   | 450.14         
1305   | 450.58         
1306   | 451.92         
1307   | 447.89         
1308   | 446.55         
1309   | 449.23         
1310   | 451.78         
1311   | 451.11         
1312   | 451.86         
1313   | 451.25         
1314   | 450.83         
1315   | 452.86         
1316   | 453.53         
1317   | 450.95         
1318   | 452.04         
1319   | 452.31         
1320   | 452.33         
1321   | 210.00         
1322   | 210.00         
1323   | 210.00         
1324   | 210.00         
1325   | 210.00         
1326   | 210.00         
1327   | 210.00         
1328   | 210.00         
1329   | 210.00         
1330   | 210.00         
1331   | 210.00         
1332   | 210.00         
1333   | 210.00         
1334   | 210.00         
1335   | 210.00         
1336   | 210.00         
1337   | 210.00         
1338   | 210.00         
1339   | 210.00         
1340   | 210.00         
1341   | 210.00         
1342   | 210.00         
1343   | 210.00         
1344   | 210.00         
1345   | 210.00         
1346   | 210.00         
1347   | 210.00         
1348   | 210.00         
1349   | 210.00         
1350   | 210.00         
1351   | 210.00         
1352   | 210.00         
1353   | 210.00         
1354   | 210.00         
1355   | 210.00         
1356   | 210.00         
1357   | 210.00         
1358   | 210.00         
1359   | 210.00         
1360   | 210.00         
1361   | 210.00         
1362   | 210.00         
1363   | 210.00         
1364   | 210.00         
1365   | 210.00         
1366   | 210.00         
1367   | 210.00         
1368   | 210.00         
1369   | 210.00         
1370   | 210.00         
1371   | 210.00         
1372   | 210.00         
1373   | 210.00         
1374   | 210.00         
1375   | 210.00         
1376   | 210.00         
1377   | 210.00         
1378   | 210.00         
1379   | 210.00         
1380   | 210.00         
1381   | 210.00         
1382   | 210.00         
1383   | 210.00         
1384   | 210.00         
1385   | 210.00         
1386   | 210.00         
1387   | 210.00         
1388   | 210.00         
1389   | 210.00         
1390   | 210.00         
1391   | 210.00         
1392   | 210.00         
1393   | 210.00         
1394   | 210.00         
1395   | 210.00         
1396   | 210.00         
1397   | 210.00         
1398   | 210.00         
1399   | 210.00         
1400   | 210.00         
1401   | 210.00         
1402   | 210.00         
1403   | 210.00         
1404   | 210.00         
1405   | 210.00         
1406   | 210.00         
1407   | 210.00         
1408   | 210.00         
1409   | 210.00         
1410   | 210.00         
1411   | 210.00         
1412   | 210.00         
1413   | 210.00         
1414   | 210.00         
1415   | 210.00         
1416   | 210.00         
1417   | 210.00         
1418   | 210.00         
1419   | 210.00         
1420   | 210.00         
1421   | 210.00         
1422   | 210.00         
1423   | 210.00         
1424   | 210.00         
1425   | 210.00         
1426   | 210.00         
1427   | 210.00         
1428   | 210.00         
1429   | 210.00         
1430   | 210.00         
1431   | 210.00         
1432   | 210.00         
1433   | 210.00         
1434   | 210.00         
1435   | 210.00         
1436   | 210.00         
1437   | 210.00         
1438   | 210.00         
1439   | 210.00         
1440   | 210.00         
