Minute | Consumption (W) - SCENARIO: Weekly Laundry
---------------------------------------------
1      | 210.00         
2      | 210.00         
3      | 210.00         
4      | 210.00         
5      | 210.00         
6      | 210.00         
7      | 210.00         
8      | 210.00         
9      | 210.00         
10     | 210.00         
11     | 210.00         
12     | 210.00         
13     | 210.00         
14     | 210.00         
15     | 210.00         
16     | 210.00         
17     | 210.00         
18     | 210.00         
19     | 210.00         
20     | 210.00         
21     | 210.00         
22     | 210.00         
23     | 210.00         
24     | 210.00         
25     | 210.00         
26     | 210.00         
27     | 210.00         
28     | 210.00         
29     | 210.00         
30     | 210.00         
31     | 210.00         
32     | 210.00         
33     | 210.00         
34     | 210.00         
35     | 210.00         
36     | 210.00         
37     | 210.00         
38     | 210.00         
39     | 210.00         
40     | 210.00         
41     | 210.00         
42     | 210.00         
43     | 210.00         
44     | 210.00         
45     | 210.00         
46     | 210.00         
47     | 210.00         
48     | 210.00         
49     | 210.00         
50     | 210.00         
51     | 210.00         
52     | 210.00         
53     | 210.00         
54     | 210.00         
55     | 210.00         
56     | 210.00         
57     | 210.00         
58     | 210.00         
59     | 210.00         
60     | 210.00         
61     | 210.00         
62     | 210.00         
63     | 210.00         
64     | 210.00         
65     | 210.00         
66     | 210.00         
67     | 210.00         
68     | 210.00         
69     | 210.00         
70     | 210.00         
71     | 210.00         
72     | 210.00         
73     | 210.00         
74     | 210.00         
75     | 210.00         
76     | 210.00         
77     | 210.00         
78     | 210.00         
79     | 210.00         
80     | 210.00         
81     | 210.00         
82     | 210.00         
83     | 210.00         
84     | 210.00         
85     | 210.00         
86     | 210.00         
87     | 210.00         
88     | 210.00         
89     | 210.00         
90     | 210.00         
91     | 210.00         
92     | 210.00         
93     | 210.00         
94     | 210.00         
95     | 210.00         
96     | 210.00         
97     | 210.00         
98     | 210.00         
99     | 210.00         
100    | 210.00         
101    | 210.00         
102    | 210.00         
103    | 210.00         
104    | 210.00         
105    | 210.00         
106    | 210.00         
107    | 210.00         
108    | 210.00         
109    | 210.00         
110    | 210.00         
111    | 210.00         
112    | 210.00         
113    | 210.00         
114    | 210.00         
115    | 210.00         
116    | 210.00         
117    | 210.00         
118    | 210.00         
119    | 210.00         
120    | 210.00         
121    | 210.00         
122    | 210.00         
123    | 210.00         
124    | 210.00         
125    | 210.00         
126    | 210.00         
127    | 210.00         
128    | 210.00         
129    | 210.00         
130    | 210.00         
131    | 210.00         
132    | 210.00         
133    | 210.00         
134    | 210.00         
135    | 210.00         
136    | 210.00         
137    | 210.00         
138    | 210.00         
139    | 210.00         
140    | 210.00         
141    | 210.00         
142    | 210.00         
143    | 210.00         
144    | 210.00         
145    | 210.00         
146    | 210.00         
147    | 210.00         
148    | 210.00         
149    | 210.00         
150    | 210.00         
151    | 210.00         
152    | 210.00         
153    | 210.00         
154    | 210.00         
155    | 210.00         
156    | 210.00         
157    | 210.00         
158    | 210.00         
159    | 210.00         
160    | 210.00         
161    | 210.00         
162    | 210.00         
163    | 210.00         
164    | 210.00         
165    | 210.00         
166    | 210.00         
167    | 210.00         
168    | 210.00         
169    | 210.00         
170    | 210.00         
171    | 210.00         
172    | 210.00         
173    | 210.00         
174    | 210.00         
175    | 210.00         
176    | 210.00         
177    | 210.00         
178    | 210.00         
179    | 210.00         
180    | 210.00         
181    | 210.00         
182    | 210.00         
183    | 210.00         
184    | 210.00         
185    | 210.00         
186    | 210.00         
187    | 210.00         
188    | 210.00         
189    | 210.00         
190    | 210.00         
191    | 210.00         
192    | 210.00         
193    | 210.00         
194    | 210.00         
195    | 210.00         
196    | 210.00         
197    | 210.00         
198    | 210.00         
199    | 210.00         
200    | 210.00         
201    | 210.00         
202    | 210.00         
203    | 210.00         
204    | 210.00         
205    | 210.00         
206    | 210.00         
207    | 210.00         
208    | 210.00         
209    | 210.00         
210    | 210.00         
211    | 210.00         
212    | 210.00         
213    | 210.00         
214    | 210.00         
215    | 210.00         
216    | 210.00         
217    | 210.00         
218    | 210.00         
219    | 210.00         
220    | 210.00         
221    | 210.00         
222    | 210.00         
223    | 210.00         
224    | 210.00         
225    | 210.00         
226    | 210.00         
227    | 210.00         
228    | 210.00         
229    | 210.00         
230    | 210.00         
231    | 210.00         
232    | 210.00         
233    | 210.00         
234    | 210.00         
235    | 210.00         
236    | 210.00         
237    | 210.00         
238    | 210.00         
239    | 210.00         
240    | 210.00         
241    | 210.00         
242    | 210.00         
243    | 210.00         
244    | 210.00         
245    | 210.00         
246    | 210.00         
247    | 210.00         
248    | 210.00         
249    | 210.00         
250    | 210.00         
251    | 210.00         
252    | 210.00         
253    | 210.00         
254    | 210.00         
255    | 210.00         
256    | 210.00         
257    | 210.00         
258    | 210.00         
259    | 210.00         
260    | 210.00         
261    | 210.00         
262    | 210.00         
263    | 210.00         
264    | 210.00         
265    | 210.00         
266    | 210.00         
267    | 210.00         
268    | 210.00         
269    | 210.00         
270    | 210.00         
271    | 210.00         
272    | 210.00         
273    | 210.00         
274    | 210.00         
275    | 210.00         
276    | 210.00         
277    | 210.00         
278    | 210.00         
279    | 210.00         
280    | 210.00         
281    | 210.00         
282    | 210.00         
283    | 210.00         
284    | 210.00         
285    | 210.00         
286    | 210.00         
287    | 210.00         
288    | 210.00         
289    | 210.00         
290    | 210.00         
291    | 210.00         
292    | 210.00         
293    | 210.00         
294    | 210.00         
295    | 210.00         
296    | 210.00         
297    | 210.00         
298    | 210.00         
299    | 210.00         
300    | 210.00         
301    | 210.00         
302    | 210.00         
303    | 210.00         
304    | 210.00         
305    | 210.00         
306    | 210.00         
307    | 210.00         
308    | 210.00         
309    | 210.00         
310    | 210.00         
311    | 210.00         
312    | 210.00         
313    | 210.00         
314    | 210.00         
315    | 210.00         
316    | 210.00         
317    | 210.00         
318    | 210.00         
319    | 210.00         
320    | 210.00         
321    | 210.00         
322    | 210.00         
323    | 210.00         
324    | 210.00         
325    | 210.00         
326    | 210.00         
327    | 210.00         
328    | 210.00         
329    | 210.00         
330    | 210.00         
331    | 210.00         
332    | 210.00         
333    | 210.00         
334    | 210.00         
335    | 210.00         
336    | 210.00         
337    | 210.00         
338    | 210.00         
339    | 210.00         
340    | 210.00         
341    | 210.00         
342    | 210.00         
343    | 210.00         
344    | 210.00         
345    | 210.00         
346    | 210.00         
347    | 210.00         
348    | 210.00         
349    | 210.00         
350    | 210.00         
351    | 210.00         
352    | 210.00         
353    | 210.00         
354    | 210.00         
355    | 210.00         
356    | 210.00         
357    | 210.00         
358    | 210.00         
359    | 210.00         
360    | 210.00         
361    | 353.39         
362    | 351.66         
363    | 351.74         
364    | 348.30         
365    | 351.78         
366    | 350.54         
367    | 349.80         
368    | 349.72         
369    | 347.55         
370    | 347.38         
371    | 353.28         
372    | 351.71         
373    | 351.67         
374    | 352.14         
375    | 352.38         
376    | 347.78         
377    | 350.68         
378    | 348.06         
379    | 349.37         
380    | 349.02         
381    | 349.19         
382    | 350.80         
383    | 349.26         
384    | 347.11         
385    | 347.73         
386    | 348.35         
387    | 350.90         
388    | 353.40         
389    | 350.78         
390    | 346.41         
391    | 2347.86        
392    | 2352.10        
393    | 2348.37        
394    | 2353.21        
395    | 2347.47        
396    | 349.97         
397    | 353.05         
398    | 347.19         
399    | 349.27         
400    | 349.00         
401    | 353.43         
402    | 347.45         
403    | 352.13         
404    | 347.51         
405    | 349.36         
406    | 348.25         
407    | 347.94         
408    | 351.55         
409    | 348.48         
410    | 349.84         
411    | 349.10         
412    | 349.32         
413    | 346.56         
414    | 348.53         
415    | 352.71         
416    | 348.44         
417    | 349.63         
418    | 348.66         
419    | 350.93         
420    | 348.09         
421    | 750.93         
422    | 751.67         
423    | 748.44         
424    | 752.33         
425    | 747.79         
426    | 746.70         
427    | 750.47         
428    | 749.90         
429    | 751.38         
430    | 750.70         
431    | 750.29         
432    | 752.29         
433    | 752.04         
434    | 749.44         
435    | 752.75         
436    | 751.36         
437    | 747.85         
438    | 751.72         
439    | 747.79         
440    | 746.96         
441    | 746.57         
442    | 753.02         
443    | 747.35         
444    | 752.18         
445    | 747.21         
446    | 751.16         
447    | 746.52         
448    | 752.50         
449    | 751.69         
450    | 747.14         
451    | 752.18         
452    | 746.92         
453    | 751.22         
454    | 749.81         
455    | 751.02         
456    | 748.08         
457    | 749.09         
458    | 749.19         
459    | 751.34         
460    | 748.84         
461    | 749.89         
462    | 749.12         
463    | 747.73         
464    | 748.25         
465    | 750.99         
466    | 750.62         
467    | 747.76         
468    | 751.55         
469    | 747.85         
470    | 750.71         
471    | 749.03         
472    | 750.95         
473    | 752.68         
474    | 747.72         
475    | 748.14         
476    | 748.00         
477    | 749.58         
478    | 751.85         
479    | 747.48         
480    | 747.19         
481    | 2752.44        
482    | 2747.16        
483    | 2749.99        
484    | 2751.40        
485    | 2751.74        
486    | 747.65         
487    | 749.74         
488    | 748.84         
489    | 752.88         
490    | 748.31         
491    | 752.73         
492    | 750.53         
493    | 750.98         
494    | 746.57         
495    | 752.29         
496    | 749.84         
497    | 746.54         
498    | 750.50         
499    | 748.22         
500    | 752.78         
501    | 748.85         
502    | 751.21         
503    | 747.64         
504    | 751.13         
505    | 752.32         
506    | 746.78         
507    | 746.53         
508    | 750.77         
509    | 749.61         
510    | 746.42         
511    | 750.40         
512    | 749.86         
513    | 747.15         
514    | 748.24         
515    | 750.67         
516    | 752.96         
517    | 747.46         
518    | 752.27         
519    | 747.08         
520    | 750.59         
521    | 750.70         
522    | 752.79         
523    | 752.73         
524    | 751.05         
525    | 748.06         
526    | 751.87         
527    | 748.96         
528    | 751.15         
529    | 748.24         
530    | 747.37         
531    | 746.53         
532    | 748.74         
533    | 747.49         
534    | 749.77         
535    | 748.09         
536    | 753.34         
537    | 750.90         
538    | 748.38         
539    | 751.50         
540    | 747.44         
541    | 2079.15        
542    | 2082.15        
543    | 2079.96        
544    | 2081.11        
545    | 2082.12        
546    | 2076.80        
547    | 2081.13        
548    | 2078.34        
549    | 2076.60        
550    | 2078.76        
551    | 2076.69        
552    | 2083.58        
553    | 2081.94        
554    | 2082.76        
555    | 2078.53        
556    | 2080.78        
557    | 2081.03        
558    | 2080.21        
559    | 2076.58        
560    | 2078.39        
561    | 2076.76        
562    | 2079.86        
563    | 2079.92        
564    | 2079.07        
565    | 2077.24        
566    | 2079.60        
567    | 2078.63        
568    | 2077.80        
569    | 2083.58        
570    | 2081.43        
571    | 2081.01        
572    | 2081.40        
573    | 2079.90        
574    | 2077.21        
575    | 2076.54        
576    | 2082.12        
577    | 2079.21        
578    | 2077.59        
579    | 2078.29        
580    | 2080.57        
581    | 2077.97        
582    | 2083.36        
583    | 2079.33        
584    | 2081.92        
585    | 2081.09        
586    | 2082.44        
587    | 2078.20        
588    | 2076.55        
589    | 2082.68        
590    | 2080.59        
591    | 2080.41        
592    | 2082.91        
593    | 2082.67        
594    | 2081.42        
595    | 2083.44        
596    | 2077.95        
597    | 2079.99        
598    | 2078.42        
599    | 2082.80        
600    | 2079.05        
601    | 582.18         
602    | 580.33         
603    | 583.44         
604    | 582.64         
605    | 577.58         
606    | 579.90         
607    | 580.88         
608    | 578.72         
609    | 581.48         
610    | 582.21         
611    | 579.84         
612    | 581.63         
613    | 581.55         
614    | 577.80         
615    | 580.64         
616    | 580.39         
617    | 582.66         
618    | 581.45         
619    | 577.03         
620    | 581.60         
621    | 580.99         
622    | 583.28         
623    | 582.35         
624    | 581.27         
625    | 576.97         
626    | 580.36         
627    | 580.68         
628    | 582.11         
629    | 582.81         
630    | 581.44         
631    | 576.46         
632    | 582.75         
633    | 577.26         
634    | 582.13         
635    | 577.73         
636    | 583.45         
637    | 578.13         
638    | 581.56         
639    | 576.74         
640    | 580.80         
641    | 578.36         
642    | 581.99         
643    | 583.18         
644    | 576.50         
645    | 577.48         
646    | 581.84         
647    | 581.79         
648    | 581.02         
649    | 579.50         
650    | 580.69         
651    | 579.59         
652    | 578.00         
653    | 578.37         
654    | 577.99         
655    | 580.98         
656    | 576.79         
657    | 582.97         
658    | 582.92         
659    | 580.34         
660    | 582.04         
661    | 583.41         
662    | 582.58         
663    | 583.51         
664    | 577.14         
665    | 577.39         
666    | 578.14         
667    | 579.85         
668    | 577.68         
669    | 579.44         
670    | 580.24         
671    | 582.92         
672    | 578.08         
673    | 578.09         
674    | 577.59         
675    | 581.20         
676    | 578.72         
677    | 578.31         
678    | 579.23         
679    | 583.26         
680    | 577.33         
681    | 578.95         
682    | 579.02         
683    | 578.26         
684    | 581.35         
685    | 578.24         
686    | 582.55         
687    | 578.02         
688    | 578.28         
689    | 581.25         
690    | 580.02         
691    | 580.01         
692    | 579.15         
693    | 577.58         
694    | 579.76         
695    | 580.39         
696    | 580.52         
697    | 576.66         
698    | 583.56         
699    | 583.45         
700    | 576.83         
701    | 578.31         
702    | 580.25         
703    | 582.50         
704    | 581.55         
705    | 580.71         
706    | 581.89         
707    | 580.35         
708    | 578.52         
709    | 577.19         
710    | 582.15         
711    | 582.51         
712    | 579.06         
713    | 576.62         
714    | 578.91         
715    | 578.90         
716    | 579.06         
717    | 577.19         
718    | 578.79         
719    | 581.82         
720    | 577.49         
721    | 728.54         
722    | 729.49         
723    | 732.53         
724    | 727.35         
725    | 726.46         
726    | 729.00         
727    | 731.15         
728    | 732.45         
729    | 729.67         
730    | 733.05         
731    | 1728.03        
732    | 1727.99        
733    | 1728.12        
734    | 1730.18        
735    | 1730.92        
736    | 1732.04        
737    | 1727.62        
738    | 1728.15        
739    | 1732.82        
740    | 1729.56        
741    | 727.05         
742    | 733.24         
743    | 727.16         
744    | 729.82         
745    | 727.44         
746    | 732.05         
747    | 731.54         
748    | 728.29         
749    | 732.75         
750    | 726.91         
751    | 733.10         
752    | 730.03         
753    | 729.92         
754    | 727.47         
755    | 731.33         
756    | 730.50         
757    | 732.16         
758    | 726.59         
759    | 731.34         
760    | 728.94         
761    | 733.05         
762    | 730.28         
763    | 733.38         
764    | 728.10         
765    | 730.36         
766    | 726.45         
767    | 728.17         
768    | 729.72         
769    | 727.84         
770    | 727.85         
771    | 731.87         
772    | 729.99         
773    | 733.02         
774    | 729.01         
775    | 729.24         
776    | 731.44         
777    | 732.69         
778    | 729.72         
779    | 728.06         
780    | 731.87         
781    | 702.35         
782    | 697.04         
783    | 696.49         
784    | 702.87         
785    | 696.81         
786    | 698.08         
787    | 700.23         
788    | 697.02         
789    | 697.39         
790    | 696.63         
791    | 700.45         
792    | 701.57         
793    | 700.61         
794    | 699.72         
795    | 700.26         
796    | 702.69         
797    | 700.15         
798    | 696.55         
799    | 697.92         
800    | 697.88         
801    | 702.97         
802    | 702.37         
803    | 699.14         
804    | 702.87         
805    | 700.89         
806    | 699.80         
807    | 702.49         
808    | 698.36         
809    | 699.34         
810    | 696.74         
811    | 701.68         
812    | 697.58         
813    | 700.60         
814    | 696.95         
815    | 699.02         
816    | 700.39         
817    | 697.12         
818    | 700.45         
819    | 701.83         
820    | 697.45         
821    | 701.82         
822    | 702.27         
823    | 697.31         
824    | 698.67         
825    | 699.51         
826    | 702.44         
827    | 697.87         
828    | 698.82         
829    | 696.59         
830    | 703.21         
831    | 698.19         
832    | 701.27         
833    | 697.62         
834    | 698.64         
835    | 702.16         
836    | 702.56         
837    | 699.74         
838    | 699.90         
839    | 696.62         
840    | 701.12         
841    | 699.60         
842    | 701.42         
843    | 702.62         
844    | 698.93         
845    | 702.28         
846    | 699.03         
847    | 702.66         
848    | 700.41         
849    | 697.90         
850    | 701.55         
851    | 700.61         
852    | 698.51         
853    | 701.00         
854    | 702.76         
855    | 698.92         
856    | 702.07         
857    | 700.41         
858    | 700.84         
859    | 701.68         
860    | 696.80         
861    | 701.28         
862    | 699.35         
863    | 701.16         
864    | 702.46         
865    | 697.67         
866    | 696.44         
867    | 696.51         
868    | 696.48         
869    | 701.59         
870    | 700.26         
871    | 703.23         
872    | 702.52         
873    | 702.71         
874    | 696.61         
875    | 702.81         
876    | 698.09         
877    | 697.71         
878    | 703.52         
879    | 702.48         
880    | 697.88         
881    | 698.88         
882    | 702.99         
883    | 700.49         
884    | 698.36         
885    | 701.28         
886    | 698.05         
887    | 698.84         
888    | 701.81         
889    | 700.95         
890    | 699.93         
891    | 702.29         
892    | 700.27         
893    | 701.65         
894    | 697.85         
895    | 697.15         
896    | 700.30         
897    | 700.60         
898    | 699.09         
899    | 701.82         
900    | 699.22         
901    | 697.60         
902    | 698.57         
903    | 697.18         
904    | 701.74         
905    | 701.04         
906    | 698.70         
907    | 702.68         
908    | 698.79         
909    | 697.32         
910    | 703.15         
911    | 698.43         
912    | 703.23         
913    | 696.90         
914    | 697.36         
915    | 703.43         
916    | 698.40         
917    | 703.31         
918    | 697.82         
919    | 701.34         
920    | 702.16         
921    | 701.68         
922    | 697.41         
923    | 700.00         
924    | 697.88         
925    | 702.95         
926    | 702.75         
927    | 699.37         
928    | 696.83         
929    | 701.81         
930    | 700.40         
931    | 702.12         
932    | 702.41         
933    | 699.36         
934    | 702.83         
935    | 700.21         
936    | 699.88         
937    | 701.25         
938    | 700.10         
939    | 701.28         
940    | 702.44         
941    | 698.37         
942    | 696.95         
943    | 699.15         
944    | 700.31         
945    | 699.23         
946    | 698.12         
947    | 703.39         
948    | 699.75         
949    | 702.39         
950    | 697.97         
951    | 700.69         
952    | 696.77         
953    | 702.96         
954    | 699.64         
955    | 697.16         
956    | 699.47         
957    | 699.16         
958    | 697.90         
959    | 702.74         
960    | 699.94         
961    | 697.27         
962    | 698.96         
963    | 701.45         
964    | 700.69         
965    | 698.69         
966    | 701.92         
967    | 700.11         
968    | 702.22         
969    | 696.89         
970    | 699.72         
971    | 699.46         
972    | 700.86         
973    | 698.80         
974    | 698.18         
975    | 701.25         
976    | 696.42         
977    | 702.57         
978    | 697.01         
979    | 697.69         
980    | 703.59         
981    | 703.27         
982    | 699.22         
983    | 697.91         
984    | 698.82         
985    | 697.54         
986    | 700.70         
987    | 700.17         
988    | 701.24         
989    | 702.40         
990    | 697.58         
991    | 697.43         
992    | 701.78         
993    | 701.02         
994    | 701.87         
995    | 700.17         
996    | 698.27         
997    | 698.99         
998    | 697.27         
999    | 697.69         
1000   | 697.38         
1001   | 699.83         
1002   | 703.05         
1003   | 701.25         
1004   | 702.39         
1005   | 698.43         
1006   | 701.80         
1007   | 696.50         
1008   | 698.89         
1009   | 698.78         
1010   | 697.40         
1011   | 701.77         
1012   | 700.75         
1013   | 701.21         
1014   | 696.50         
1015   | 698.78         
1016   | 702.52         
1017   | 703.59         
1018   | 696.76         
1019   | 698.13         
1020   | 702.05         
1021   | 853.47         
1022   | 852.22         
1023   | 849.70         
1024   | 849.86         
1025   | 853.27         
1026   | 849.61         
1027   | 852.06         
1028   | 847.15         
1029   | 847.91         
1030   | 849.33         
1031   | 851.28         
1032   | 848.48         
1033   | 853.03         
1034   | 847.41         
1035   | 847.56         
1036   | 848.52         
1037   | 848.28         
1038   | 846.43         
1039   | 853.20         
1040   | 846.90         
1041   | 852.03         
1042   | 848.57         
1043   | 849.81         
1044   | 849.97         
1045   | 846.94         
1046   | 847.03         
1047   | 851.35         
1048   | 850.74         
1049   | 850.01         
1050   | 850.87         
1051   | 847.89         
1052   | 850.39         
1053   | 846.53         
1054   | 850.81         
1055   | 853.46         
1056   | 847.99         
1057   | 849.76         
1058   | 851.89         
1059   | 849.18         
1060   | 853.44         
1061   | 847.75         
1062   | 852.86         
1063   | 851.36         
1064   | 848.50         
1065   | 847.70         
1066   | 847.20         
1067   | 852.42         
1068   | 846.84         
1069   | 853.56         
1070   | 852.34         
1071   | 849.76         
1072   | 849.57         
1073   | 852.87         
1074   | 850.75         
1075   | 850.28         
1076   | 849.01         
1077   | 851.25         
1078   | 850.60         
1079   | 846.43         
1080   | 852.50         
1081   | 847.45         
1082   | 847.55         
1083   | 848.90         
1084   | 848.94         
1085   | 851.66         
1086   | 852.50         
1087   | 850.41         
1088   | 850.65         
1089   | 849.96         
1090   | 852.27         
1091   | 848.94         
1092   | 847.15         
1093   | 851.33         
1094   | 849.21         
1095   | 849.46         
1096   | 853.59         
1097   | 852.20         
1098   | 848.28         
1099   | 847.43         
1100   | 852.82         
1101   | 852.88         
1102   | 851.44         
1103   | 853.01         
1104   | 849.87         
1105   | 847.72         
1106   | 851.33         
1107   | 847.34         
1108   | 850.58         
1109   | 852.69         
1110   | 851.60         
1111   | 849.54         
1112   | 849.53         
1113   | 848.25         
1114   | 850.04         
1115   | 850.83         
1116   | 846.54         
1117   | 847.77         
1118   | 852.78         
1119   | 851.89         
1120   | 849.61         
1121   | 849.28         
1122   | 851.37         
1123   | 846.60         
1124   | 846.95         
1125   | 851.46         
1126   | 846.44         
1127   | 846.58         
1128   | 853.59         
1129   | 852.15         
1130   | 851.88         
1131   | 848.44         
1132   | 847.53         
1133   | 853.50         
1134   | 851.11         
1135   | 847.28         
1136   | 848.46         
1137   | 851.70         
1138   | 852.79         
1139   | 849.73         
1140   | 846.51         
1141   | 967.64         
1142   | 971.31         
1143   | 970.40         
1144   | 967.08         
1145   | 973.47         
1146   | 966.46         
1147   | 967.29         
1148   | 969.68         
1149   | 967.30         
1150   | 970.99         
1151   | 971.66         
1152   | 973.08         
1153   | 967.22         
1154   | 967.47         
1155   | 970.18         
1156   | 971.20         
1157   | 967.54         
1158   | 972.13         
1159   | 968.93         
1160   | 968.39         
1161   | 972.74         
1162   | 968.91         
1163   | 968.83         
1164   | 972.92         
1165   | 968.31         
1166   | 970.24         
1167   | 971.10         
1168   | 971.39         
1169   | 968.84         
1170   | 968.32         
1171   | 973.28         
1172   | 971.05         
1173   | 968.22         
1174   | 967.44         
1175   | 971.68         
1176   | 968.11         
1177   | 967.43         
1178   | 966.64         
1179   | 966.61         
1180   | 968.63         
1181   | 973.39         
1182   | 973.57         
1183   | 968.01         
1184   | 970.46         
1185   | 971.07         
1186   | 967.35         
1187   | 970.52         
1188   | 972.10         
1189   | 967.04         
1190   | 973.48         
1191   | 969.31         
1192   | 966.63         
1193   | 969.60         
1194   | 969.76         
1195   | 973.53         
1196   | 972.80         
1197   | 968.04         
1198   | 968.05         
1199   | 971.92         
1200   | 971.63         
1201   | 968.84         
1202   | 968.19         
1203   | 968.04         
1204   | 972.14         
1205   | 966.46         
1206   | 969.73         
1207   | 967.05         
1208   | 972.32         
1209   | 970.97         
1210   | 966.68         
1211   | 967.57         
1212   | 972.72         
1213   | 966.66         
1214   | 970.91         
1215   | 966.93         
1216   | 969.21         
1217   | 966.86         
1218   | 973.33         
1219   | 970.67         
1220   | 971.81         
1221   | 971.07         
1222   | 966.43         
1223   | 972.00         
1224   | 968.21         
1225   | 970.71         
1226   | 968.73         
1227   | 968.21         
1228   | 973.12         
1229   | 966.99         
1230   | 973.49         
1231   | 966.58         
1232   | 970.00         
1233   | 972.67         
1234   | 972.95         
1235   | 966.43         
1236   | 969.51         
1237   | 968.30         
1238   | 970.27         
1239   | 972.56         
1240   | 971.69         
1241   | 970.28         
1242   | 968.44         
1243   | 968.67         
1244   | 967.39         
1245   | 969.79         
1246   | 969.56         
1247   | 968.43         
1248   | 970.05         
1249   | 971.10         
1250   | 968.59         
1251   | 971.61         
1252   | 973.25         
1253   | 972.71         
1254   | 968.03         
1255   | 967.55         
1256   | 970.98         
1257   | 968.13         
1258   | 972.04         
1259   | 971.71         
1260   | 972.38         
1261   | 571.81         
1262   | 572.04         
1263   | 567.04         
1264   | 566.85         
1265   | 568.56         
1266   | 571.24         
1267   | 570.12         
1268   | 571.56         
1269   | 566.63         
1270   | 568.26         
1271   | 568.83         
1272   | 567.71         
1273   | 567.88         
1274   | 571.40         
1275   | 571.16         
1276   | 567.70         
1277   | 570.53         
1278   | 573.22         
1279   | 568.98         
1280   | 570.73         
1281   | 573.07         
1282   | 566.53         
1283   | 570.09         
1284   | 572.35         
1285   | 567.60         
1286   | 571.37         
1287   | 567.00         
1288   | 568.26         
1289   | 567.36         
1290   | 573.06         
1291   | 569.04         
1292   | 571.85         
1293   | 571.35         
1294   | 569.30         
1295   | 570.27         
1296   | 569.98         
1297   | 571.10         
1298   | 571.30         
1299   | 568.29         
1300   | 573.29         
1301   | 566.41         
1302   | 570.72         
1303   | 569.53         
1304   | 573.01         
1305   | 567.44         
1306   | 570.76         
1307   | 571.22         
1308   | 572.20         
1309   | 572.66         
1310   | 569.03         
1311   | 567.40         
1312   | 568.13         
1313   | 568.04         
1314   | 571.57         
1315   | 571.09         
1316   | 570.22         
1317   | 566.57         
1318   | 571.32         
1319   | 567.98         
1320   | 569.12         
1321   | 210.00         
1322   | 210.00         
1323   | 210.00         
1324   | 210.00         
1325   | 210.00         
1326   | 210.00         
1327   | 210.00         
1328   | 210.00         
1329   | 210.00         
1330   | 210.00         
1331   | 210.00         
1332   | 210.00         
1333   | 210.00         
1334   | 210.00         
1335   | 210.00         
1336   | 210.00         
1337   | 210.00         
1338   | 210.00         
1339   | 210.00         
1340   | 210.00         
1341   | 210.00         
1342   | 210.00         
1343   | 210.00         
1344   | 210.00         
1345   | 210.00         
1346   | 210.00         
1347   | 210.00         
1348   | 210.00         
1349   | 210.00         
1350   | 210.00         
1351   | 210.00         
1352   | 210.00         
1353   | 210.00         
1354   | 210.00         
1355   | 210.00         
1356   | 210.00         
1357   | 210.00         
1358   | 210.00         
1359   | 210.00         
1360   | 210.00         
1361   | 210.00         
1362   | 210.00         
1363   | 210.00         
1364   | 210.00         
1365   | 210.00         
1366   | 210.00         
1367   | 210.00         
1368   | 210.00         
1369   | 210.00         
1370   | 210.00         
1371   | 210.00         
1372   | 210.00         
1373   | 210.00         
1374   | 210.00         
1375   | 210.00         
1376   | 210.00         
1377   | 210.00         
1378   | 210.00         
1379   | 210.00         
1380   | 210.00         
1381   | 210.00         
1382   | 210.00         
1383   | 210.00         
1384   | 210.00         
1385   | 210.00         
1386   | 210.00         
1387   | 210.00         
1388   | 210.00         
1389   | 210.00         
1390   | 210.00         
1391   | 210.00         
1392   | 210.00         
1393   | 210.00         
1394   | 210.00         
1395   | 210.00         
1396   | 210.00         
1397   | 210.00         
1398   | 210.00         
1399   | 210.00         
1400   | 210.00         
1401   | 210.00         
1402   | 210.00         
1403   | 210.00         
1404   | 210.00         
1405   | 210.00         
1406   | 210.00         
1407   | 210.00         
1408   | 210.00         
1409   | 210.00         
1410   | 210.00         
1411   | 210.00         
1412   | 210.00         
1413   | 210.00         
1414   | 210.00         
1415   | 210.00         
1416   | 210.00         
1417   | 210.00         
1418   | 210.00         
1419   | 210.00         
1420   | 210.00         
1421   | 210.00         
1422   | 210.00         
1423   | 210.00         
1424   | 210.00         
1425   | 210.00         
1426   | 210.00         
1427   | 210.00         
1428   | 210.00         
1429   | 210.00         
1430   | 210.00         
1431   | 210.00         
1432   | 210.00         
1433   | 210.00         
1434   | 210.00         
1435   | 210.00         
1436   | 210.00         
1437   | 210.00         
1438   | 210.00         
1439   | 210.00         
1440   | 210.00         
