Minute | Consumption (W) - SCENARIO: Routine + Light Cleaning
---------------------------------------------
1      | 210.00         
2      | 210.00         
3      | 210.00         
4      | 210.00         
5      | 210.00         
6      | 210.00         
7      | 210.00         
8      | 210.00         
9      | 210.00         
10     | 210.00         
11     | 210.00         
12     | 210.00         
13     | 210.00         
14     | 210.00         
15     | 210.00         
16     | 210.00         
17     | 210.00         
18     | 210.00         
19     | 210.00         
20     | 210.00         
21     | 210.00         
22     | 210.00         
23     | 210.00         
24     | 210.00         
25     | 210.00         
26     | 210.00         
27     | 210.00         
28     | 210.00         
29     | 210.00         
30     | 210.00         
31     | 210.00         
32     | 210.00         
33     | 210.00         
34     | 210.00         
35     | 210.00         
36     | 210.00         
37     | 210.00         
38     | 210.00         
39     | 210.00         
40     | 210.00         
41     | 210.00         
42     | 210.00         
43     | 210.00         
44     | 210.00         
45     | 210.00         
46     | 210.00         
47     | 210.00         
48     | 210.00         
49     | 210.00         
50     | 210.00         
51     | 210.00         
52     | 210.00         
53     | 210.00         
54     | 210.00         
55     | 210.00         
56     | 210.00         
57     | 210.00         
58     | 210.00         
59     | 210.00         
60     | 210.00         
61     | 210.00         
62     | 210.00         
63     | 210.00         
64     | 210.00         
65     | 210.00         
66     | 210.00         
67     | 210.00         
68     | 210.00         
69     | 210.00         
70     | 210.00         
71     | 210.00         
72     | 210.00         
73     | 210.00         
74     | 210.00         
75     | 210.00         
76     | 210.00         
77     | 210.00         
78     | 210.00         
79     | 210.00         
80     | 210.00         
81     | 210.00         
82     | 210.00         
83     | 210.00         
84     | 210.00         
85     | 210.00         
86     | 210.00         
87     | 210.00         
88     | 210.00         
89     | 210.00         
90     | 210.00         
91     | 210.00         
92     | 210.00         
93     | 210.00         
94     | 210.00         
95     | 210.00         
96     | 210.00         
97     | 210.00         
98     | 210.00         
99     | 210.00         
100    | 210.00         
101    | 210.00         
102    | 210.00         
103    | 210.00         
104    | 210.00         
105    | 210.00         
106    | 210.00         
107    | 210.00         
108    | 210.00         
109    | 210.00         
110    | 210.00         
111    | 210.00         
112    | 210.00         
113    | 210.00         
114    | 210.00         
115    | 210.00         
116    | 210.00         
117    | 210.00         
118    | 210.00         
119    | 210.00         
120    | 210.00         
121    | 210.00         
122    | 210.00         
123    | 210.00         
124    | 210.00         
125    | 210.00         
126    | 210.00         
127    | 210.00         
128    | 210.00         
129    | 210.00         
130    | 210.00         
131    | 210.00         
132    | 210.00         
133    | 210.00         
134    | 210.00         
135    | 210.00         
136    | 210.00         
137    | 210.00         
138    | 210.00         
139    | 210.00         
140    | 210.00         
141    | 210.00         
142    | 210.00         
143    | 210.00         
144    | 210.00         
145    | 210.00         
146    | 210.00         
147    | 210.00         
148    | 210.00         
149    | 210.00         
150    | 210.00         
151    | 210.00         
152    | 210.00         
153    | 210.00         
154    | 210.00         
155    | 210.00         
156    | 210.00         
157    | 210.00         
158    | 210.00         
159    | 210.00         
160    | 210.00         
161    | 210.00         
162    | 210.00         
163    | 210.00         
164    | 210.00         
165    | 210.00         
166    | 210.00         
167    | 210.00         
168    | 210.00         
169    | 210.00         
170    | 210.00         
171    | 210.00         
172    | 210.00         
173    | 210.00         
174    | 210.00         
175    | 210.00         
176    | 210.00         
177    | 210.00         
178    | 210.00         
179    | 210.00         
180    | 210.00         
181    | 210.00         
182    | 210.00         
183    | 210.00         
184    | 210.00         
185    | 210.00         
186    | 210.00         
187    | 210.00         
188    | 210.00         
189    | 210.00         
190    | 210.00         
191    | 210.00         
192    | 210.00         
193    | 210.00         
194    | 210.00         
195    | 210.00         
196    | 210.00         
197    | 210.00         
198    | 210.00         
199    | 210.00         
200    | 210.00         
201    | 210.00         
202    | 210.00         
203    | 210.00         
204    | 210.00         
205    | 210.00         
206    | 210.00         
207    | 210.00         
208    | 210.00         
209    | 210.00         
210    | 210.00         
211    | 210.00         
212    | 210.00         
213    | 210.00         
214    | 210.00         
215    | 210.00         
216    | 210.00         
217    | 210.00         
218    | 210.00         
219    | 210.00         
220    | 210.00         
221    | 210.00         
222    | 210.00         
223    | 210.00         
224    | 210.00         
225    | 210.00         
226    | 210.00         
227    | 210.00         
228    | 210.00         
229    | 210.00         
230    | 210.00         
231    | 210.00         
232    | 210.00         
233    | 210.00         
234    | 210.00         
235    | 210.00         
236    | 210.00         
237    | 210.00         
238    | 210.00         
239    | 210.00         
240    | 210.00         
241    | 210.00         
242    | 210.00         
243    | 210.00         
244    | 210.00         
245    | 210.00         
246    | 210.00         
247    | 210.00         
248    | 210.00         
249    | 210.00         
250    | 210.00         
251    | 210.00         
252    | 210.00         
253    | 210.00         
254    | 210.00         
255    | 210.00         
256    | 210.00         
257    | 210.00         
258    | 210.00         
259    | 210.00         
260    | 210.00         
261    | 210.00         
262    | 210.00         
263    | 210.00         
264    | 210.00         
265    | 210.00         
266    | 210.00         
267    | 210.00         
268    | 210.00         
269    | 210.00         
270    | 210.00         
271    | 210.00         
272    | 210.00         
273    | 210.00         
274    | 210.00         
275    | 210.00         
276    | 210.00         
277    | 210.00         
278    | 210.00         
279    | 210.00         
280    | 210.00         
281    | 210.00         
282    | 210.00         
283    | 210.00         
284    | 210.00         
285    | 210.00         
286    | 210.00         
287    | 210.00         
288    | 210.00         
289    | 210.00         
290    | 210.00         
291    | 210.00         
292    | 210.00         
293    | 210.00         
294    | 210.00         
295    | 210.00         
296    | 210.00         
297    | 210.00         
298    | 210.00         
299    | 210.00         
300    | 210.00         
301    | 210.00         
302    | 210.00         
303    | 210.00         
304    | 210.00         
305    | 210.00         
306    | 210.00         
307    | 210.00         
308    | 210.00         
309    | 210.00         
310    | 210.00         
311    | 210.00         
312    | 210.00         
313    | 210.00         
314    | 210.00         
315    | 210.00         
316    | 210.00         
317    | 210.00         
318    | 210.00         
319    | 210.00         
320    | 210.00         
321    | 210.00         
322    | 210.00         
323    | 210.00         
324    | 210.00         
325    | 210.00         
326    | 210.00         
327    | 210.00         
328    | 210.00         
329    | 210.00         
330    | 210.00         
331    | 210.00         
332    | 210.00         
333    | 210.00         
334    | 210.00         
335    | 210.00         
336    | 210.00         
337    | 210.00         
338    | 210.00         
339    | 210.00         
340    | 210.00         
341    | 210.00         
342    | 210.00         
343    | 210.00         
344    | 210.00         
345    | 210.00         
346    | 210.00         
347    | 210.00         
348    | 210.00         
349    | 210.00         
350    | 210.00         
351    | 210.00         
352    | 210.00         
353    | 210.00         
354    | 210.00         
355    | 210.00         
356    | 210.00         
357    | 210.00         
358    | 210.00         
359    | 210.00         
360    | 210.00         
361    | 350.64         
362    | 348.01         
363    | 350.84         
364    | 350.48         
365    | 350.11         
366    | 346.73         
367    | 353.06         
368    | 347.43         
369    | 353.34         
370    | 351.67         
371    | 353.56         
372    | 347.60         
373    | 350.14         
374    | 353.31         
375    | 347.66         
376    | 351.50         
377    | 347.33         
378    | 347.62         
379    | 348.74         
380    | 353.57         
381    | 351.30         
382    | 347.29         
383    | 351.40         
384    | 347.58         
385    | 350.04         
386    | 353.42         
387    | 350.75         
388    | 347.24         
389    | 351.70         
390    | 347.45         
391    | 2353.50        
392    | 2349.18        
393    | 2350.24        
394    | 2353.14        
395    | 2346.54        
396    | 352.06         
397    | 350.77         
398    | 349.97         
399    | 350.11         
400    | 346.65         
401    | 350.82         
402    | 351.72         
403    | 352.58         
404    | 352.50         
405    | 349.34         
406    | 349.01         
407    | 351.30         
408    | 346.71         
409    | 351.90         
410    | 349.71         
411    | 348.89         
412    | 352.57         
413    | 348.70         
414    | 347.93         
415    | 349.07         
416    | 351.63         
417    | 347.87         
418    | 352.91         
419    | 353.58         
420    | 348.94         
421    | 746.42         
422    | 748.25         
423    | 751.70         
424    | 752.39         
425    | 748.53         
426    | 751.01         
427    | 747.82         
428    | 746.86         
429    | 747.10         
430    | 753.37         
431    | 752.75         
432    | 751.21         
433    | 749.00         
434    | 751.00         
435    | 750.05         
436    | 750.46         
437    | 751.74         
438    | 751.66         
439    | 749.69         
440    | 751.49         
441    | 749.44         
442    | 748.81         
443    | 750.88         
444    | 752.25         
445    | 748.64         
446    | 746.49         
447    | 748.39         
448    | 747.83         
449    | 751.27         
450    | 751.97         
451    | 748.98         
452    | 752.75         
453    | 748.46         
454    | 751.19         
455    | 751.62         
456    | 746.90         
457    | 746.65         
458    | 750.51         
459    | 749.90         
460    | 748.71         
461    | 747.98         
462    | 750.39         
463    | 751.97         
464    | 749.14         
465    | 747.25         
466    | 748.21         
467    | 752.96         
468    | 748.50         
469    | 746.74         
470    | 751.73         
471    | 750.17         
472    | 751.20         
473    | 753.04         
474    | 753.46         
475    | 751.60         
476    | 753.20         
477    | 746.42         
478    | 751.46         
479    | 746.54         
480    | 747.27         
481    | 2746.67        
482    | 2746.44        
483    | 2751.22        
484    | 2747.24        
485    | 2747.62        
486    | 747.50         
487    | 747.94         
488    | 747.01         
489    | 746.69         
490    | 747.48         
491    | 746.45         
492    | 748.90         
493    | 752.90         
494    | 750.15         
495    | 749.14         
496    | 753.01         
497    | 750.36         
498    | 749.94         
499    | 753.31         
500    | 748.61         
501    | 751.58         
502    | 747.37         
503    | 750.29         
504    | 746.48         
505    | 750.80         
506    | 752.98         
507    | 752.55         
508    | 748.56         
509    | 752.98         
510    | 752.26         
511    | 751.71         
512    | 747.24         
513    | 751.97         
514    | 747.89         
515    | 747.57         
516    | 750.84         
517    | 746.45         
518    | 748.98         
519    | 750.74         
520    | 752.90         
521    | 749.44         
522    | 749.10         
523    | 750.35         
524    | 750.95         
525    | 752.27         
526    | 751.39         
527    | 746.55         
528    | 753.45         
529    | 752.70         
530    | 752.17         
531    | 753.55         
532    | 746.92         
533    | 747.84         
534    | 747.76         
535    | 747.57         
536    | 751.82         
537    | 748.19         
538    | 749.68         
539    | 747.70         
540    | 753.11         
541    | 582.94         
542    | 582.47         
543    | 583.30         
544    | 581.75         
545    | 576.51         
546    | 582.41         
547    | 580.44         
548    | 582.87         
549    | 578.73         
550    | 580.02         
551    | 581.87         
552    | 580.45         
553    | 579.09         
554    | 578.67         
555    | 578.43         
556    | 577.49         
557    | 582.83         
558    | 576.47         
559    | 581.03         
560    | 576.53         
561    | 578.62         
562    | 582.91         
563    | 577.05         
564    | 581.85         
565    | 580.34         
566    | 577.87         
567    | 581.01         
568    | 578.61         
569    | 580.17         
570    | 580.88         
571    | 579.47         
572    | 581.98         
573    | 577.11         
574    | 581.63         
575    | 577.53         
576    | 579.39         
577    | 579.19         
578    | 578.06         
579    | 579.70         
580    | 582.06         
581    | 582.96         
582    | 576.93         
583    | 578.12         
584    | 581.38         
585    | 582.30         
586    | 577.99         
587    | 580.60         
588    | 578.72         
589    | 576.46         
590    | 581.69         
591    | 577.80         
592    | 583.51         
593    | 581.04         
594    | 579.81         
595    | 577.81         
596    | 580.03         
597    | 582.14         
598    | 577.49         
599    | 581.66         
600    | 583.23         
601    | 579.51         
602    | 581.40         
603    | 581.06         
604    | 582.53         
605    | 580.90         
606    | 580.12         
607    | 581.97         
608    | 578.78         
609    | 582.22         
610    | 577.89         
611    | 577.22         
612    | 580.34         
613    | 579.71         
614    | 583.12         
615    | 581.04         
616    | 579.89         
617    | 580.89         
618    | 579.55         
619    | 577.37         
620    | 582.02         
621    | 579.06         
622    | 577.66         
623    | 577.24         
624    | 576.54         
625    | 578.51         
626    | 580.12         
627    | 578.28         
628    | 582.30         
629    | 580.58         
630    | 577.41         
631    | 577.28         
632    | 583.23         
633    | 579.71         
634    | 582.06         
635    | 577.97         
636    | 579.41         
637    | 582.11         
638    | 580.32         
639    | 580.34         
640    | 578.18         
641    | 579.87         
642    | 579.84         
643    | 580.26         
644    | 576.46         
645    | 577.33         
646    | 582.86         
647    | 579.92         
648    | 577.23         
649    | 579.38         
650    | 577.53         
651    | 580.01         
652    | 581.40         
653    | 577.29         
654    | 577.50         
655    | 581.09         
656    | 581.97         
657    | 582.29         
658    | 576.58         
659    | 578.42         
660    | 578.36         
661    | 582.18         
662    | 580.07         
663    | 582.18         
664    | 583.53         
665    | 577.34         
666    | 578.95         
667    | 580.10         
668    | 580.33         
669    | 581.83         
670    | 579.24         
671    | 576.95         
672    | 580.24         
673    | 577.78         
674    | 582.87         
675    | 580.35         
676    | 580.27         
677    | 579.04         
678    | 580.66         
679    | 580.37         
680    | 583.23         
681    | 583.06         
682    | 576.70         
683    | 578.00         
684    | 578.37         
685    | 581.05         
686    | 579.42         
687    | 581.52         
688    | 581.65         
689    | 579.18         
690    | 578.49         
691    | 577.41         
692    | 577.55         
693    | 577.77         
694    | 583.45         
695    | 581.81         
696    | 576.41         
697    | 577.86         
698    | 580.69         
699    | 577.65         
700    | 578.30         
701    | 576.48         
702    | 580.25         
703    | 576.52         
704    | 582.15         
705    | 578.04         
706    | 583.24         
707    | 581.65         
708    | 580.04         
709    | 582.44         
710    | 576.54         
711    | 582.53         
712    | 582.41         
713    | 577.30         
714    | 577.68         
715    | 580.99         
716    | 578.69         
717    | 579.90         
718    | 579.07         
719    | 579.12         
720    | 580.22         
721    | 731.45         
722    | 728.06         
723    | 728.02         
724    | 732.11         
725    | 733.35         
726    | 732.97         
727    | 728.13         
728    | 729.75         
729    | 730.88         
730    | 727.33         
731    | 1730.04        
732    | 1730.11        
733    | 1732.48        
734    | 1731.68        
735    | 1733.30        
736    | 1730.39        
737    | 1733.54        
738    | 1728.99        
739    | 1728.67        
740    | 1728.26        
741    | 727.98         
742    | 731.86         
743    | 728.25         
744    | 729.45         
745    | 726.72         
746    | 727.56         
747    | 732.28         
748    | 732.43         
749    | 729.93         
750    | 728.63         
751    | 727.70         
752    | 728.21         
753    | 727.87         
754    | 726.67         
755    | 733.51         
756    | 727.36         
757    | 730.50         
758    | 730.96         
759    | 732.60         
760    | 728.00         
761    | 726.66         
762    | 728.50         
763    | 727.41         
764    | 727.07         
765    | 731.84         
766    | 728.08         
767    | 732.76         
768    | 733.34         
769    | 732.10         
770    | 731.79         
771    | 726.72         
772    | 728.91         
773    | 726.51         
774    | 728.41         
775    | 731.09         
776    | 728.58         
777    | 729.40         
778    | 727.26         
779    | 733.14         
780    | 728.22         
781    | 700.80         
782    | 702.01         
783    | 702.47         
784    | 697.53         
785    | 700.52         
786    | 697.25         
787    | 699.64         
788    | 702.96         
789    | 700.54         
790    | 701.43         
791    | 697.69         
792    | 701.23         
793    | 702.17         
794    | 701.85         
795    | 700.45         
796    | 696.61         
797    | 702.75         
798    | 698.34         
799    | 701.30         
800    | 698.92         
801    | 699.87         
802    | 701.45         
803    | 698.81         
804    | 701.47         
805    | 698.16         
806    | 701.19         
807    | 696.59         
808    | 699.29         
809    | 700.85         
810    | 696.44         
811    | 697.84         
812    | 699.88         
813    | 697.47         
814    | 701.79         
815    | 696.80         
816    | 696.69         
817    | 697.21         
818    | 697.88         
819    | 698.57         
820    | 700.67         
821    | 699.08         
822    | 702.45         
823    | 701.11         
824    | 698.94         
825    | 701.13         
826    | 701.93         
827    | 696.92         
828    | 698.29         
829    | 702.48         
830    | 700.97         
831    | 702.23         
832    | 697.33         
833    | 699.43         
834    | 699.27         
835    | 697.40         
836    | 696.80         
837    | 697.84         
838    | 699.59         
839    | 698.00         
840    | 701.98         
841    | 1499.96        
842    | 1503.03        
843    | 1500.61        
844    | 1502.92        
845    | 1497.16        
846    | 1497.01        
847    | 1498.96        
848    | 1497.22        
849    | 1499.82        
850    | 1498.27        
851    | 1498.59        
852    | 1499.50        
853    | 1498.88        
854    | 1503.48        
855    | 1501.41        
856    | 1497.67        
857    | 1502.92        
858    | 1502.21        
859    | 1502.17        
860    | 1502.01        
861    | 1497.07        
862    | 1499.37        
863    | 1501.44        
864    | 1500.75        
865    | 1500.22        
866    | 1499.88        
867    | 1503.20        
868    | 1499.15        
869    | 1499.69        
870    | 1503.19        
871    | 700.84         
872    | 700.70         
873    | 700.27         
874    | 702.02         
875    | 699.64         
876    | 697.32         
877    | 698.25         
878    | 696.89         
879    | 698.45         
880    | 699.40         
881    | 697.98         
882    | 696.92         
883    | 703.07         
884    | 700.50         
885    | 700.32         
886    | 697.78         
887    | 702.49         
888    | 697.62         
889    | 699.78         
890    | 697.44         
891    | 702.61         
892    | 701.08         
893    | 702.35         
894    | 700.40         
895    | 702.84         
896    | 702.55         
897    | 701.66         
898    | 699.92         
899    | 698.61         
900    | 699.76         
901    | 698.91         
902    | 697.23         
903    | 696.54         
904    | 701.73         
905    | 701.41         
906    | 701.20         
907    | 699.51         
908    | 700.69         
909    | 703.45         
910    | 698.12         
911    | 701.00         
912    | 699.35         
913    | 698.28         
914    | 697.33         
915    | 698.99         
916    | 697.59         
917    | 703.25         
918    | 701.45         
919    | 702.39         
920    | 701.23         
921    | 699.35         
922    | 701.37         
923    | 700.70         
924    | 696.53         
925    | 699.48         
926    | 698.65         
927    | 700.62         
928    | 700.09         
929    | 700.82         
930    | 698.04         
931    | 697.18         
932    | 702.87         
933    | 699.84         
934    | 698.50         
935    | 698.02         
936    | 697.32         
937    | 700.97         
938    | 701.02         
939    | 698.97         
940    | 703.05         
941    | 698.30         
942    | 700.17         
943    | 697.42         
944    | 697.94         
945    | 699.62         
946    | 700.94         
947    | 697.04         
948    | 697.85         
949    | 697.87         
950    | 697.34         
951    | 698.01         
952    | 702.63         
953    | 696.84         
954    | 701.39         
955    | 700.64         
956    | 699.87         
957    | 699.63         
958    | 697.04         
959    | 703.22         
960    | 696.60         
961    | 698.42         
962    | 702.69         
963    | 698.71         
964    | 700.62         
965    | 701.79         
966    | 697.14         
967    | 700.24         
968    | 698.45         
969    | 701.42         
970    | 700.50         
971    | 701.93         
972    | 697.99         
973    | 701.19         
974    | 698.09         
975    | 702.73         
976    | 697.39         
977    | 702.60         
978    | 697.35         
979    | 697.20         
980    | 701.72         
981    | 697.93         
982    | 699.64         
983    | 697.13         
984    | 702.83         
985    | 701.83         
986    | 701.05         
987    | 699.01         
988    | 697.36         
989    | 701.97         
990    | 701.38         
991    | 698.54         
992    | 702.12         
993    | 698.59         
994    | 700.90         
995    | 700.81         
996    | 701.46         
997    | 698.43         
998    | 696.41         
999    | 698.44         
1000   | 698.34         
1001   | 700.94         
1002   | 698.18         
1003   | 699.15         
1004   | 703.34         
1005   | 700.36         
1006   | 699.66         
1007   | 700.10         
1008   | 702.06         
1009   | 699.64         
1010   | 696.83         
1011   | 698.49         
1012   | 702.85         
1013   | 698.52         
1014   | 700.38         
1015   | 696.49         
1016   | 696.77         
1017   | 696.77         
1018   | 703.01         
1019   | 702.70         
1020   | 698.90         
1021   | 847.08         
1022   | 847.91         
1023   | 847.09         
1024   | 846.80         
1025   | 848.77         
1026   | 846.70         
1027   | 850.43         
1028   | 853.44         
1029   | 849.57         
1030   | 851.82         
1031   | 853.57         
1032   | 852.45         
1033   | 849.54         
1034   | 847.89         
1035   | 853.24         
1036   | 846.74         
1037   | 852.58         
1038   | 852.37         
1039   | 850.89         
1040   | 849.01         
1041   | 846.46         
1042   | 853.34         
1043   | 850.38         
1044   | 853.15         
1045   | 846.52         
1046   | 852.01         
1047   | 853.14         
1048   | 847.45         
1049   | 847.72         
1050   | 851.90         
1051   | 851.11         
1052   | 848.23         
1053   | 847.27         
1054   | 852.23         
1055   | 853.52         
1056   | 848.46         
1057   | 848.55         
1058   | 848.41         
1059   | 850.08         
1060   | 849.66         
1061   | 852.79         
1062   | 848.82         
1063   | 848.66         
1064   | 846.79         
1065   | 847.74         
1066   | 850.27         
1067   | 849.95         
1068   | 850.96         
1069   | 853.03         
1070   | 853.25         
1071   | 847.30         
1072   | 851.66         
1073   | 846.51         
1074   | 847.99         
1075   | 851.49         
1076   | 853.46         
1077   | 853.07         
1078   | 847.39         
1079   | 847.76         
1080   | 851.82         
1081   | 848.05         
1082   | 849.43         
1083   | 849.32         
1084   | 846.50         
1085   | 850.01         
1086   | 852.78         
1087   | 848.53         
1088   | 849.26         
1089   | 853.16         
1090   | 853.09         
1091   | 853.02         
1092   | 850.53         
1093   | 847.06         
1094   | 850.98         
1095   | 851.74         
1096   | 851.82         
1097   | 847.90         
1098   | 849.86         
1099   | 851.51         
1100   | 847.32         
1101   | 848.84         
1102   | 848.26         
1103   | 849.18         
1104   | 846.93         
1105   | 847.65         
1106   | 851.00         
1107   | 849.16         
1108   | 852.66         
1109   | 853.35         
1110   | 849.10         
1111   | 851.84         
1112   | 846.83         
1113   | 849.73         
1114   | 851.75         
1115   | 846.84         
1116   | 852.78         
1117   | 849.99         
1118   | 848.77         
1119   | 851.86         
1120   | 851.37         
1121   | 851.89         
1122   | 848.29         
1123   | 847.16         
1124   | 851.25         
1125   | 852.03         
1126   | 848.81         
1127   | 847.66         
1128   | 848.27         
1129   | 849.19         
1130   | 847.80         
1131   | 848.99         
1132   | 850.30         
1133   | 847.01         
1134   | 848.46         
1135   | 851.88         
1136   | 848.79         
1137   | 852.47         
1138   | 846.53         
1139   | 850.81         
1140   | 848.75         
1141   | 850.64         
1142   | 849.74         
1143   | 847.63         
1144   | 849.94         
1145   | 848.79         
1146   | 853.41         
1147   | 850.13         
1148   | 849.27         
1149   | 851.45         
1150   | 848.82         
1151   | 852.04         
1152   | 847.72         
1153   | 847.46         
1154   | 850.73         
1155   | 853.39         
1156   | 846.74         
1157   | 849.79         
1158   | 847.66         
1159   | 850.91         
1160   | 850.09         
1161   | 850.52         
1162   | 852.68         
1163   | 851.83         
1164   | 848.19         
1165   | 846.97         
1166   | 847.95         
1167   | 849.22         
1168   | 848.24         
1169   | 851.52         
1170   | 849.88         
1171   | 850.37         
1172   | 850.89         
1173   | 852.77         
1174   | 846.65         
1175   | 849.63         
1176   | 846.47         
1177   | 850.58         
1178   | 846.46         
1179   | 852.55         
1180   | 848.79         
1181   | 850.45         
1182   | 851.14         
1183   | 851.10         
1184   | 848.06         
1185   | 849.26         
1186   | 851.23         
1187   | 851.89         
1188   | 846.63         
1189   | 846.62         
1190   | 851.97         
1191   | 849.88         
1192   | 847.52         
1193   | 853.18         
1194   | 851.57         
1195   | 853.60         
1196   | 848.65         
1197   | 849.76         
1198   | 852.70         
1199   | 847.56         
1200   | 850.74         
1201   | 846.46         
1202   | 849.58         
1203   | 850.50         
1204   | 846.72         
1205   | 848.56         
1206   | 852.48         
1207   | 847.27         
1208   | 852.01         
1209   | 849.32         
1210   | 852.07         
1211   | 850.56         
1212   | 848.71         
1213   | 849.66         
1214   | 852.51         
1215   | 853.16         
1216   | 852.58         
1217   | 849.88         
1218   | 852.09         
1219   | 846.63         
1220   | 850.74         
1221   | 852.84         
1222   | 846.90         
1223   | 849.80         
1224   | 851.14         
1225   | 848.51         
1226   | 849.48         
1227   | 848.01         
1228   | 853.06         
1229   | 846.52         
1230   | 849.80         
1231   | 851.25         
1232   | 849.70         
1233   | 852.54         
1234   | 847.15         
1235   | 851.44         
1236   | 848.16         
1237   | 852.83         
1238   | 852.68         
1239   | 850.91         
1240   | 852.46         
1241   | 846.40         
1242   | 847.80         
1243   | 850.55         
1244   | 848.54         
1245   | 852.47         
1246   | 849.05         
1247   | 848.11         
1248   | 846.93         
1249   | 848.40         
1250   | 846.47         
1251   | 848.44         
1252   | 849.64         
1253   | 850.42         
1254   | 847.85         
1255   | 851.85         
1256   | 847.64         
1257   | 852.89         
1258   | 847.43         
1259   | 849.79         
1260   | 853.52         
1261   | 450.91         
1262   | 452.29         
1263   | 452.80         
1264   | 448.64         
1265   | 452.70         
1266   | 453.10         
1267   | 447.34         
1268   | 449.70         
1269   | 451.26         
1270   | 448.56         
1271   | 449.20         
1272   | 450.24         
1273   | 447.86         
1274   | 451.23         
1275   | 452.75         
1276   | 447.25         
1277   | 449.58         
1278   | 448.47         
1279   | 449.35         
1280   | 447.97         
1281   | 450.33         
1282   | 451.15         
1283   | 452.48         
1284   | 451.45         
1285   | 448.88         
1286   | 452.99         
1287   | 451.51         
1288   | 449.85         
1289   | 447.83         
1290   | 447.51         
1291   | 448.92         
1292   | 452.56         
1293   | 450.86         
1294   | 452.38         
1295   | 449.97         
1296   | 452.06         
1297   | 448.59         
1298   | 453.36         
1299   | 450.59         
1300   | 449.39         
1301   | 449.83         
1302   | 451.05         
1303   | 452.63         
1304   | 446.96         
1305   | 448.23         
1306   | 452.20         
1307   | 448.63         
1308   | 450.35         
1309   | 449.02         
1310   | 453.13         
1311   | 447.58         
1312   | 452.65         
1313   | 447.96         
1314   | 446.46         
1315   | 451.59         
1316   | 446.92         
1317   | 450.85         
1318   | 451.34         
1319   | 446.99         
1320   | 448.50         
1321   | 210.00         
1322   | 210.00         
1323   | 210.00         
1324   | 210.00         
1325   | 210.00         
1326   | 210.00         
1327   | 210.00         
1328   | 210.00         
1329   | 210.00         
1330   | 210.00         
1331   | 210.00         
1332   | 210.00         
1333   | 210.00         
1334   | 210.00         
1335   | 210.00         
1336   | 210.00         
1337   | 210.00         
1338   | 210.00         
1339   | 210.00         
1340   | 210.00         
1341   | 210.00         
1342   | 210.00         
1343   | 210.00         
1344   | 210.00         
1345   | 210.00         
1346   | 210.00         
1347   | 210.00         
1348   | 210.00         
1349   | 210.00         
1350   | 210.00         
1351   | 210.00         
1352   | 210.00         
1353   | 210.00         
1354   | 210.00         
1355   | 210.00         
1356   | 210.00         
1357   | 210.00         
1358   | 210.00         
1359   | 210.00         
1360   | 210.00         
1361   | 210.00         
1362   | 210.00         
1363   | 210.00         
1364   | 210.00         
1365   | 210.00         
1366   | 210.00         
1367   | 210.00         
1368   | 210.00         
1369   | 210.00         
1370   | 210.00         
1371   | 210.00         
1372   | 210.00         
1373   | 210.00         
1374   | 210.00         
1375   | 210.00         
1376   | 210.00         
1377   | 210.00         
1378   | 210.00         
1379   | 210.00         
1380   | 210.00         
1381   | 210.00         
1382   | 210.00         
1383   | 210.00         
1384   | 210.00         
1385   | 210.00         
1386   | 210.00         
1387   | 210.00         
1388   | 210.00         
1389   | 210.00         
1390   | 210.00         
1391   | 210.00         
1392   | 210.00         
1393   | 210.00         
1394   | 210.00         
1395   | 210.00         
1396   | 210.00         
1397   | 210.00         
1398   | 210.00         
1399   | 210.00         
1400   | 210.00         
1401   | 210.00         
1402   | 210.00         
1403   | 210.00         
1404   | 210.00         
1405   | 210.00         
1406   | 210.00         
1407   | 210.00         
1408   | 210.00         
1409   | 210.00         
1410   | 210.00         
1411   | 210.00         
1412   | 210.00         
1413   | 210.00         
1414   | 210.00         
1415   | 210.00         
1416   | 210.00         
1417   | 210.00         
1418   | 210.00         
1419   | 210.00         
1420   | 210.00         
1421   | 210.00         
1422   | 210.00         
1423   | 210.00         
1424   | 210.00         
1425   | 210.00         
1426   | 210.00         
1427   | 210.00         
1428   | 210.00         
1429   | 210.00         
1430   | 210.00         
1431   | 210.00         
1432   | 210.00         
1433   | 210.00         
1434   | 210.00         
1435   | 210.00         
1436   | 210.00         
1437   | 210.00         
1438   | 210.00         
1439   | 210.00         
1440   | 210.00         
