Minute | Consumption (W) - SCENARIO: Early Bird Morning
---------------------------------------------
1      | 210.00         
2      | 210.00         
3      | 210.00         
4      | 210.00         
5      | 210.00         
6      | 210.00         
7      | 210.00         
8      | 210.00         
9      | 210.00         
10     | 210.00         
11     | 210.00         
12     | 210.00         
13     | 210.00         
14     | 210.00         
15     | 210.00         
16     | 210.00         
17     | 210.00         
18     | 210.00         
19     | 210.00         
20     | 210.00         
21     | 210.00         
22     | 210.00         
23     | 210.00         
24     | 210.00         
25     | 210.00         
26     | 210.00         
27     | 210.00         
28     | 210.00         
29     | 210.00         
30     | 210.00         
31     | 210.00         
32     | 210.00         
33     | 210.00         
34     | 210.00         
35     | 210.00         
36     | 210.00         
37     | 210.00         
38     | 210.00         
39     | 210.00         
40     | 210.00         
41     | 210.00         
42     | 210.00         
43     | 210.00         
44     | 210.00         
45     | 210.00         
46     | 210.00         
47     | 210.00         
48     | 210.00         
49     | 210.00         
50     | 210.00         
51     | 210.00         
52     | 210.00         
53     | 210.00         
54     | 210.00         
55     | 210.00         
56     | 210.00         
57     | 210.00         
58     | 210.00         
59     | 210.00         
60     | 210.00         
61     | 210.00         
62     | 210.00         
63     | 210.00         
64     | 210.00         
65     | 210.00         
66     | 210.00         
67     | 210.00         
68     | 210.00         
69     | 210.00         
70     | 210.00         
71     | 210.00         
72     | 210.00         
73     | 210.00         
74     | 210.00         
75     | 210.00         
76     | 210.00         
77     | 210.00         
78     | 210.00         
79     | 210.00         
80     | 210.00         
81     | 210.00         
82     | 210.00         
83     | 210.00         
84     | 210.00         
85     | 210.00         
86     | 210.00         
87     | 210.00         
88     | 210.00         
89     | 210.00         
90     | 210.00         
91     | 210.00         
92     | 210.00         
93     | 210.00         
94     | 210.00         
95     | 210.00         
96     | 210.00         
97     | 210.00         
98     | 210.00         
99     | 210.00         
100    | 210.00         
101    | 210.00         
102    | 210.00         
103    | 210.00         
104    | 210.00         
105    | 210.00         
106    | 210.00         
107    | 210.00         
108    | 210.00         
109    | 210.00         
110    | 210.00         
111    | 210.00         
112    | 210.00         
113    | 210.00         
114    | 210.00         
115    | 210.00         
116    | 210.00         
117    | 210.00         
118    | 210.00         
119    | 210.00         
120    | 210.00         
121    | 210.00         
122    | 210.00         
123    | 210.00         
124    | 210.00         
125    | 210.00         
126    | 210.00         
127    | 210.00         
128    | 210.00         
129    | 210.00         
130    | 210.00         
131    | 210.00         
132    | 210.00         
133    | 210.00         
134    | 210.00         
135    | 210.00         
136    | 210.00         
137    | 210.00         
138    | 210.00         
139    | 210.00         
140    | 210.00         
141    | 210.00         
142    | 210.00         
143    | 210.00         
144    | 210.00         
145    | 210.00         
146    | 210.00         
147    | 210.00         
148    | 210.00         
149    | 210.00         
150    | 210.00         
151    | 210.00         
152    | 210.00         
153    | 210.00         
154    | 210.00         
155    | 210.00         
156    | 210.00         
157    | 210.00         
158    | 210.00         
159    | 210.00         
160    | 210.00         
161    | 210.00         
162    | 210.00         
163    | 210.00         
164    | 210.00         
165    | 210.00         
166    | 210.00         
167    | 210.00         
168    | 210.00         
169    | 210.00         
170    | 210.00         
171    | 210.00         
172    | 210.00         
173    | 210.00         
174    | 210.00         
175    | 210.00         
176    | 210.00         
177    | 210.00         
178    | 210.00         
179    | 210.00         
180    | 210.00         
181    | 210.00         
182    | 210.00         
183    | 210.00         
184    | 210.00         
185    | 210.00         
186    | 210.00         
187    | 210.00         
188    | 210.00         
189    | 210.00         
190    | 210.00         
191    | 210.00         
192    | 210.00         
193    | 210.00         
194    | 210.00         
195    | 210.00         
196    | 210.00         
197    | 210.00         
198    | 210.00         
199    | 210.00         
200    | 210.00         
201    | 210.00         
202    | 210.00         
203    | 210.00         
204    | 210.00         
205    | 210.00         
206    | 210.00         
207    | 210.00         
208    | 210.00         
209    | 210.00         
210    | 210.00         
211    | 210.00         
212    | 210.00         
213    | 210.00         
214    | 210.00         
215    | 210.00         
216    | 210.00         
217    | 210.00         
218    | 210.00         
219    | 210.00         
220    | 210.00         
221    | 210.00         
222    | 210.00         
223    | 210.00         
224    | 210.00         
225    | 210.00         
226    | 210.00         
227    | 210.00         
228    | 210.00         
229    | 210.00         
230    | 210.00         
231    | 210.00         
232    | 210.00         
233    | 210.00         
234    | 210.00         
235    | 210.00         
236    | 210.00         
237    | 210.00         
238    | 210.00         
239    | 210.00         
240    | 210.00         
241    | 210.00         
242    | 210.00         
243    | 210.00         
244    | 210.00         
245    | 210.00         
246    | 210.00         
247    | 210.00         
248    | 210.00         
249    | 210.00         
250    | 210.00         
251    | 210.00         
252    | 210.00         
253    | 210.00         
254    | 210.00         
255    | 210.00         
256    | 210.00         
257    | 210.00         
258    | 210.00         
259    | 210.00         
260    | 210.00         
261    | 210.00         
262    | 210.00         
263    | 210.00         
264    | 210.00         
265    | 210.00         
266    | 210.00         
267    | 210.00         
268    | 210.00         
269    | 210.00         
270    | 210.00         
271    | 210.00         
272    | 210.00         
273    | 210.00         
274    | 210.00         
275    | 210.00         
276    | 210.00         
277    | 210.00         
278    | 210.00         
279    | 210.00         
280    | 210.00         
281    | 210.00         
282    | 210.00         
283    | 210.00         
284    | 210.00         
285    | 210.00         
286    | 210.00         
287    | 210.00         
288    | 210.00         
289    | 210.00         
290    | 210.00         
291    | 210.00         
292    | 210.00         
293    | 210.00         
294    | 210.00         
295    | 210.00         
296    | 210.00         
297    | 210.00         
298    | 210.00         
299    | 210.00         
300    | 210.00         
301    | 210.00         
302    | 210.00         
303    | 210.00         
304    | 210.00         
305    | 210.00         
306    | 210.00         
307    | 210.00         
308    | 210.00         
309    | 210.00         
310    | 210.00         
311    | 210.00         
312    | 210.00         
313    | 210.00         
314    | 210.00         
315    | 210.00         
316    | 210.00         
317    | 210.00         
318    | 210.00         
319    | 210.00         
320    | 210.00         
321    | 210.00         
322    | 210.00         
323    | 210.00         
324    | 210.00         
325    | 210.00         
326    | 210.00         
327    | 210.00         
328    | 210.00         
329    | 210.00         
330    | 210.00         
331    | 210.00         
332    | 210.00         
333    | 210.00         
334    | 210.00         
335    | 210.00         
336    | 210.00         
337    | 210.00         
338    | 210.00         
339    | 210.00         
340    | 210.00         
341    | 210.00         
342    | 210.00         
343    | 210.00         
344    | 210.00         
345    | 210.00         
346    | 210.00         
347    | 210.00         
348    | 210.00         
349    | 210.00         
350    | 210.00         
351    | 210.00         
352    | 210.00         
353    | 210.00         
354    | 210.00         
355    | 210.00         
356    | 210.00         
357    | 210.00         
358    | 210.00         
359    | 210.00         
360    | 210.00         
361    | 2517.49        
362    | 2522.99        
363    | 2522.85        
364    | 2523.30        
365    | 2516.80        
366    | 2519.44        
367    | 2519.91        
368    | 2522.83        
369    | 2516.89        
370    | 2518.59        
371    | 2521.55        
372    | 2518.38        
373    | 2519.33        
374    | 2522.63        
375    | 2520.80        
376    | 2518.88        
377    | 2521.66        
378    | 2523.13        
379    | 2518.01        
380    | 2522.91        
381    | 2522.26        
382    | 2522.50        
383    | 2517.53        
384    | 2518.71        
385    | 2519.60        
386    | 2523.29        
387    | 2522.74        
388    | 2519.56        
389    | 2522.46        
390    | 2518.97        
391    | 4517.80        
392    | 4522.41        
393    | 4522.59        
394    | 4519.12        
395    | 4516.69        
396    | 2519.97        
397    | 2517.06        
398    | 2519.24        
399    | 2522.57        
400    | 2522.29        
401    | 2519.27        
402    | 2517.31        
403    | 2518.30        
404    | 2520.95        
405    | 2520.50        
406    | 2522.34        
407    | 2520.82        
408    | 2520.78        
409    | 2521.24        
410    | 2517.94        
411    | 2519.04        
412    | 2516.47        
413    | 2516.93        
414    | 2519.80        
415    | 2520.47        
416    | 2516.73        
417    | 2519.38        
418    | 2520.13        
419    | 2521.80        
420    | 2519.90        
421    | 753.59         
422    | 751.96         
423    | 747.57         
424    | 751.11         
425    | 751.06         
426    | 749.43         
427    | 751.15         
428    | 749.84         
429    | 750.20         
430    | 751.60         
431    | 749.69         
432    | 750.13         
433    | 750.94         
434    | 753.39         
435    | 749.92         
436    | 751.56         
437    | 751.01         
438    | 749.38         
439    | 753.32         
440    | 748.77         
441    | 747.26         
442    | 748.35         
443    | 749.06         
444    | 752.59         
445    | 747.26         
446    | 746.60         
447    | 749.79         
448    | 746.74         
449    | 748.73         
450    | 751.23         
451    | 748.85         
452    | 748.94         
453    | 753.18         
454    | 747.83         
455    | 752.72         
456    | 746.50         
457    | 748.03         
458    | 747.63         
459    | 751.37         
460    | 750.33         
461    | 750.68         
462    | 749.18         
463    | 753.53         
464    | 750.51         
465    | 746.40         
466    | 751.22         
467    | 750.16         
468    | 751.11         
469    | 747.92         
470    | 748.97         
471    | 752.56         
472    | 749.61         
473    | 751.38         
474    | 748.79         
475    | 751.22         
476    | 749.60         
477    | 748.77         
478    | 746.60         
479    | 753.37         
480    | 748.38         
481    | 2747.17        
482    | 2748.56        
483    | 2753.07        
484    | 2746.53        
485    | 2750.10        
486    | 753.52         
487    | 748.88         
488    | 752.80         
489    | 747.75         
490    | 750.08         
491    | 748.90         
492    | 747.83         
493    | 753.32         
494    | 750.73         
495    | 752.40         
496    | 752.21         
497    | 749.23         
498    | 752.78         
499    | 752.45         
500    | 753.45         
501    | 746.88         
502    | 749.15         
503    | 751.38         
504    | 746.79         
505    | 748.88         
506    | 751.67         
507    | 747.82         
508    | 747.00         
509    | 752.96         
510    | 753.43         
511    | 751.57         
512    | 751.51         
513    | 748.34         
514    | 748.51         
515    | 750.60         
516    | 751.44         
517    | 746.49         
518    | 748.84         
519    | 747.01         
520    | 747.55         
521    | 748.29         
522    | 747.73         
523    | 748.57         
524    | 747.15         
525    | 747.10         
526    | 750.16         
527    | 751.10         
528    | 748.17         
529    | 750.30         
530    | 751.78         
531    | 747.07         
532    | 752.51         
533    | 750.64         
534    | 753.03         
535    | 750.74         
536    | 746.87         
537    | 750.46         
538    | 750.55         
539    | 750.05         
540    | 748.17         
541    | 582.44         
542    | 578.22         
543    | 583.43         
544    | 580.40         
545    | 583.55         
546    | 583.54         
547    | 582.28         
548    | 582.49         
549    | 583.07         
550    | 577.17         
551    | 583.54         
552    | 580.07         
553    | 582.10         
554    | 579.30         
555    | 581.82         
556    | 579.24         
557    | 578.24         
558    | 577.97         
559    | 579.92         
560    | 583.29         
561    | 579.29         
562    | 577.11         
563    | 581.96         
564    | 577.31         
565    | 579.87         
566    | 580.01         
567    | 581.11         
568    | 580.62         
569    | 581.29         
570    | 581.08         
571    | 576.56         
572    | 582.68         
573    | 583.32         
574    | 580.25         
575    | 578.68         
576    | 581.78         
577    | 583.52         
578    | 580.82         
579    | 583.37         
580    | 578.81         
581    | 583.46         
582    | 582.92         
583    | 582.73         
584    | 577.89         
585    | 576.90         
586    | 580.75         
587    | 576.80         
588    | 581.95         
589    | 581.94         
590    | 582.85         
591    | 579.02         
592    | 577.93         
593    | 582.61         
594    | 576.46         
595    | 581.54         
596    | 580.30         
597    | 582.74         
598    | 580.97         
599    | 580.04         
600    | 582.95         
601    | 578.54         
602    | 583.14         
603    | 578.09         
604    | 581.92         
605    | 577.49         
606    | 580.82         
607    | 579.95         
608    | 580.96         
609    | 577.29         
610    | 578.01         
611    | 576.68         
612    | 578.82         
613    | 583.32         
614    | 580.16         
615    | 576.93         
616    | 576.82         
617    | 577.27         
618    | 578.70         
619    | 580.74         
620    | 582.97         
621    | 576.65         
622    | 579.35         
623    | 581.30         
624    | 580.35         
625    | 580.95         
626    | 578.71         
627    | 581.52         
628    | 583.48         
629    | 578.46         
630    | 578.52         
631    | 583.36         
632    | 579.29         
633    | 582.93         
634    | 579.13         
635    | 580.04         
636    | 578.75         
637    | 577.70         
638    | 581.40         
639    | 577.29         
640    | 583.53         
641    | 577.45         
642    | 580.89         
643    | 580.98         
644    | 579.70         
645    | 579.92         
646    | 581.71         
647    | 583.11         
648    | 581.00         
649    | 577.74         
650    | 580.11         
651    | 583.01         
652    | 576.94         
653    | 580.07         
654    | 583.06         
655    | 582.44         
656    | 581.03         
657    | 582.09         
658    | 576.44         
659    | 578.30         
660    | 582.14         
661    | 578.39         
662    | 580.49         
663    | 581.39         
664    | 580.58         
665    | 579.01         
666    | 577.33         
667    | 580.69         
668    | 578.19         
669    | 580.00         
670    | 581.95         
671    | 576.59         
672    | 580.40         
673    | 580.90         
674    | 582.70         
675    | 583.41         
676    | 577.69         
677    | 578.01         
678    | 577.57         
679    | 579.71         
680    | 581.97         
681    | 581.75         
682    | 578.71         
683    | 580.04         
684    | 578.32         
685    | 581.29         
686    | 578.26         
687    | 580.34         
688    | 581.41         
689    | 581.91         
690    | 578.97         
691    | 578.11         
692    | 581.00         
693    | 578.18         
694    | 580.46         
695    | 583.49         
696    | 580.99         
697    | 583.43         
698    | 581.00         
699    | 577.13         
700    | 577.92         
701    | 579.96         
702    | 580.03         
703    | 578.70         
704    | 580.08         
705    | 580.56         
706    | 581.42         
707    | 577.27         
708    | 577.93         
709    | 582.41         
710    | 577.79         
711    | 578.48         
712    | 578.15         
713    | 578.55         
714    | 576.49         
715    | 580.09         
716    | 580.30         
717    | 576.59         
718    | 583.58         
719    | 582.81         
720    | 580.39         
721    | 728.45         
722    | 728.40         
723    | 730.07         
724    | 731.14         
725    | 728.50         
726    | 727.53         
727    | 727.19         
728    | 729.57         
729    | 733.40         
730    | 733.38         
731    | 1728.03        
732    | 1730.76        
733    | 1732.41        
734    | 1726.60        
735    | 1726.98        
736    | 1728.18        
737    | 1733.25        
738    | 1729.93        
739    | 1726.41        
740    | 1727.56        
741    | 728.68         
742    | 728.22         
743    | 732.87         
744    | 732.81         
745    | 732.33         
746    | 733.54         
747    | 726.50         
748    | 733.35         
749    | 732.41         
750    | 726.48         
751    | 728.09         
752    | 730.70         
753    | 727.67         
754    | 732.08         
755    | 728.90         
756    | 731.67         
757    | 728.98         
758    | 727.26         
759    | 728.97         
760    | 728.41         
761    | 730.89         
762    | 726.65         
763    | 732.79         
764    | 726.55         
765    | 727.11         
766    | 730.21         
767    | 728.31         
768    | 728.01         
769    | 733.50         
770    | 732.64         
771    | 728.85         
772    | 727.21         
773    | 730.19         
774    | 730.36         
775    | 732.31         
776    | 733.10         
777    | 726.99         
778    | 728.71         
779    | 732.83         
780    | 728.84         
781    | 702.92         
782    | 698.23         
783    | 700.05         
784    | 698.78         
785    | 696.80         
786    | 698.86         
787    | 702.84         
788    | 698.82         
789    | 698.91         
790    | 702.61         
791    | 701.42         
792    | 697.33         
793    | 696.72         
794    | 703.02         
795    | 703.07         
796    | 702.47         
797    | 703.35         
798    | 697.14         
799    | 701.68         
800    | 702.02         
801    | 698.45         
802    | 702.09         
803    | 702.21         
804    | 700.20         
805    | 703.51         
806    | 699.45         
807    | 701.94         
808    | 700.55         
809    | 697.07         
810    | 701.11         
811    | 702.55         
812    | 698.88         
813    | 697.49         
814    | 701.45         
815    | 702.48         
816    | 700.77         
817    | 702.97         
818    | 701.88         
819    | 701.48         
820    | 696.83         
821    | 702.48         
822    | 698.56         
823    | 701.07         
824    | 698.07         
825    | 699.67         
826    | 699.04         
827    | 698.51         
828    | 698.25         
829    | 701.44         
830    | 696.52         
831    | 701.57         
832    | 701.91         
833    | 697.44         
834    | 703.50         
835    | 701.69         
836    | 697.78         
837    | 700.07         
838    | 697.79         
839    | 703.24         
840    | 696.59         
841    | 699.41         
842    | 697.05         
843    | 700.86         
844    | 698.25         
845    | 698.16         
846    | 698.35         
847    | 703.27         
848    | 697.37         
849    | 703.22         
850    | 698.17         
851    | 698.02         
852    | 700.19         
853    | 697.96         
854    | 699.60         
855    | 696.82         
856    | 696.92         
857    | 700.20         
858    | 699.20         
859    | 701.57         
860    | 697.35         
861    | 699.03         
862    | 697.94         
863    | 700.43         
864    | 698.46         
865    | 698.49         
866    | 700.03         
867    | 698.61         
868    | 700.30         
869    | 698.09         
870    | 698.54         
871    | 697.76         
872    | 696.41         
873    | 702.54         
874    | 702.75         
875    | 699.04         
876    | 697.32         
877    | 702.07         
878    | 701.07         
879    | 696.66         
880    | 698.19         
881    | 697.79         
882    | 701.08         
883    | 702.95         
884    | 700.99         
885    | 703.57         
886    | 696.86         
887    | 696.48         
888    | 700.59         
889    | 698.64         
890    | 700.44         
891    | 698.34         
892    | 699.32         
893    | 702.20         
894    | 700.35         
895    | 696.96         
896    | 701.93         
897    | 700.38         
898    | 701.44         
899    | 698.29         
900    | 699.53         
901    | 703.26         
902    | 697.62         
903    | 701.42         
904    | 697.17         
905    | 699.25         
906    | 702.83         
907    | 699.65         
908    | 700.51         
909    | 699.28         
910    | 698.63         
911    | 698.77         
912    | 703.25         
913    | 697.42         
914    | 699.84         
915    | 700.36         
916    | 697.02         
917    | 701.02         
918    | 700.31         
919    | 701.25         
920    | 700.01         
921    | 700.96         
922    | 697.21         
923    | 702.63         
924    | 698.38         
925    | 703.22         
926    | 697.90         
927    | 699.41         
928    | 701.61         
929    | 696.40         
930    | 701.38         
931    | 697.65         
932    | 702.36         
933    | 699.05         
934    | 696.69         
935    | 701.04         
936    | 700.60         
937    | 701.45         
938    | 700.98         
939    | 702.04         
940    | 697.14         
941    | 703.22         
942    | 701.12         
943    | 702.08         
944    | 701.46         
945    | 703.58         
946    | 700.52         
947    | 701.25         
948    | 698.03         
949    | 699.29         
950    | 699.12         
951    | 699.61         
952    | 700.88         
953    | 700.83         
954    | 699.29         
955    | 698.66         
956    | 701.83         
957    | 697.23         
958    | 702.25         
959    | 701.05         
960    | 701.58         
961    | 702.96         
962    | 703.47         
963    | 698.37         
964    | 701.00         
965    | 696.90         
966    | 696.50         
967    | 702.70         
968    | 702.31         
969    | 698.58         
970    | 701.55         
971    | 703.52         
972    | 698.90         
973    | 697.26         
974    | 697.97         
975    | 702.48         
976    | 701.40         
977    | 702.96         
978    | 698.85         
979    | 700.70         
980    | 700.94         
981    | 702.71         
982    | 702.14         
983    | 699.16         
984    | 701.80         
985    | 700.27         
986    | 700.24         
987    | 701.13         
988    | 699.22         
989    | 698.51         
990    | 697.28         
991    | 697.16         
992    | 701.03         
993    | 696.41         
994    | 699.89         
995    | 697.06         
996    | 698.38         
997    | 700.71         
998    | 701.53         
999    | 699.93         
1000   | 697.57         
1001   | 696.81         
1002   | 696.93         
1003   | 703.32         
1004   | 700.10         
1005   | 703.09         
1006   | 697.96         
1007   | 697.32         
1008   | 699.56         
1009   | 702.08         
1010   | 700.51         
1011   | 703.00         
1012   | 699.03         
1013   | 702.09         
1014   | 698.26         
1015   | 697.15         
1016   | 702.62         
1017   | 697.90         
1018   | 703.07         
1019   | 702.08         
1020   | 702.97         
1021   | 846.79         
1022   | 849.04         
1023   | 848.68         
1024   | 848.28         
1025   | 852.59         
1026   | 847.35         
1027   | 847.48         
1028   | 847.40         
1029   | 847.69         
1030   | 851.55         
1031   | 846.46         
1032   | 851.09         
1033   | 851.98         
1034   | 853.11         
1035   | 850.47         
1036   | 852.75         
1037   | 852.06         
1038   | 852.45         
1039   | 852.24         
1040   | 847.42         
1041   | 853.09         
1042   | 851.92         
1043   | 850.82         
1044   | 852.20         
1045   | 848.73         
1046   | 847.90         
1047   | 847.99         
1048   | 848.43         
1049   | 849.86         
1050   | 853.02         
1051   | 850.16         
1052   | 851.48         
1053   | 851.24         
1054   | 852.51         
1055   | 850.68         
1056   | 847.13         
1057   | 847.38         
1058   | 850.08         
1059   | 848.85         
1060   | 852.81         
1061   | 846.45         
1062   | 849.67         
1063   | 849.48         
1064   | 848.26         
1065   | 852.45         
1066   | 853.08         
1067   | 849.68         
1068   | 853.59         
1069   | 851.17         
1070   | 847.32         
1071   | 850.44         
1072   | 850.74         
1073   | 847.60         
1074   | 852.08         
1075   | 846.43         
1076   | 847.00         
1077   | 847.53         
1078   | 850.78         
1079   | 853.24         
1080   | 853.10         
1081   | 849.24         
1082   | 846.63         
1083   | 851.03         
1084   | 851.97         
1085   | 853.53         
1086   | 851.96         
1087   | 849.52         
1088   | 848.09         
1089   | 848.79         
1090   | 850.99         
1091   | 852.06         
1092   | 848.74         
1093   | 850.51         
1094   | 846.72         
1095   | 849.15         
1096   | 851.90         
1097   | 853.46         
1098   | 848.18         
1099   | 847.33         
1100   | 849.47         
1101   | 852.25         
1102   | 849.96         
1103   | 850.65         
1104   | 852.67         
1105   | 848.58         
1106   | 846.62         
1107   | 848.20         
1108   | 849.03         
1109   | 851.38         
1110   | 852.76         
1111   | 852.71         
1112   | 850.79         
1113   | 847.33         
1114   | 848.72         
1115   | 847.70         
1116   | 852.76         
1117   | 846.72         
1118   | 851.22         
1119   | 846.77         
1120   | 846.97         
1121   | 846.50         
1122   | 850.99         
1123   | 850.88         
1124   | 850.99         
1125   | 852.98         
1126   | 852.41         
1127   | 848.02         
1128   | 852.87         
1129   | 852.58         
1130   | 850.64         
1131   | 847.16         
1132   | 846.47         
1133   | 852.12         
1134   | 852.67         
1135   | 850.02         
1136   | 852.58         
1137   | 852.46         
1138   | 850.35         
1139   | 852.16         
1140   | 849.97         
1141   | 850.48         
1142   | 852.24         
1143   | 849.10         
1144   | 848.07         
1145   | 850.03         
1146   | 850.72         
1147   | 846.66         
1148   | 848.98         
1149   | 851.25         
1150   | 852.23         
1151   | 848.22         
1152   | 848.23         
1153   | 852.68         
1154   | 849.05         
1155   | 849.90         
1156   | 850.19         
1157   | 853.29         
1158   | 847.19         
1159   | 853.16         
1160   | 851.19         
1161   | 850.66         
1162   | 848.91         
1163   | 846.49         
1164   | 848.43         
1165   | 847.17         
1166   | 848.14         
1167   | 853.55         
1168   | 850.21         
1169   | 850.90         
1170   | 853.17         
1171   | 853.48         
1172   | 849.39         
1173   | 850.81         
1174   | 852.23         
1175   | 848.93         
1176   | 847.97         
1177   | 852.04         
1178   | 848.19         
1179   | 851.59         
1180   | 847.73         
1181   | 852.70         
1182   | 850.79         
1183   | 847.58         
1184   | 852.73         
1185   | 849.04         
1186   | 849.16         
1187   | 846.70         
1188   | 847.03         
1189   | 849.49         
1190   | 852.41         
1191   | 852.34         
1192   | 850.15         
1193   | 847.81         
1194   | 852.96         
1195   | 847.84         
1196   | 847.67         
1197   | 848.75         
1198   | 847.72         
1199   | 847.33         
1200   | 851.23         
1201   | 848.74         
1202   | 846.95         
1203   | 852.27         
1204   | 846.61         
1205   | 848.39         
1206   | 851.61         
1207   | 848.07         
1208   | 852.53         
1209   | 853.30         
1210   | 853.07         
1211   | 851.83         
1212   | 846.99         
1213   | 848.76         
1214   | 851.96         
1215   | 849.20         
1216   | 848.07         
1217   | 848.68         
1218   | 852.58         
1219   | 847.84         
1220   | 852.22         
1221   | 847.97         
1222   | 853.19         
1223   | 846.96         
1224   | 852.98         
1225   | 850.42         
1226   | 851.35         
1227   | 849.85         
1228   | 853.46         
1229   | 846.63         
1230   | 848.20         
1231   | 846.91         
1232   | 851.81         
1233   | 846.44         
1234   | 850.99         
1235   | 849.22         
1236   | 851.12         
1237   | 846.71         
1238   | 849.49         
1239   | 848.50         
1240   | 852.85         
1241   | 847.09         
1242   | 849.24         
1243   | 850.55         
1244   | 848.22         
1245   | 852.99         
1246   | 847.42         
1247   | 853.23         
1248   | 849.82         
1249   | 852.99         
1250   | 851.76         
1251   | 849.41         
1252   | 846.93         
1253   | 853.19         
1254   | 846.86         
1255   | 848.49         
1256   | 847.39         
1257   | 847.76         
1258   | 853.23         
1259   | 848.35         
1260   | 847.00         
1261   | 449.11         
1262   | 450.66         
1263   | 452.53         
1264   | 452.59         
1265   | 451.51         
1266   | 449.47         
1267   | 450.58         
1268   | 450.75         
1269   | 450.85         
1270   | 451.23         
1271   | 450.47         
1272   | 446.81         
1273   | 453.10         
1274   | 448.36         
1275   | 451.92         
1276   | 453.24         
1277   | 449.12         
1278   | 448.87         
1279   | 447.92         
1280   | 451.54         
1281   | 447.67         
1282   | 447.15         
1283   | 449.55         
1284   | 453.12         
1285   | 450.62         
1286   | 448.56         
1287   | 450.41         
1288   | 446.70         
1289   | 453.18         
1290   | 453.08         
1291   | 448.79         
1292   | 446.86         
1293   | 452.59         
1294   | 449.04         
1295   | 451.10         
1296   | 450.68         
1297   | 446.43         
1298   | 452.25         
1299   | 446.41         
1300   | 446.42         
1301   | 452.60         
1302   | 446.94         
1303   | 450.67         
1304   | 446.64         
1305   | 448.72         
1306   | 453.20         
1307   | 447.45         
1308   | 447.93         
1309   | 447.41         
1310   | 449.23         
1311   | 446.44         
1312   | 453.11         
1313   | 452.17         
1314   | 446.62         
1315   | 452.82         
1316   | 450.96         
1317   | 452.13         
1318   | 448.01         
1319   | 449.52         
1320   | 447.19         
1321   | 210.00         
1322   | 210.00         
1323   | 210.00         
1324   | 210.00         
1325   | 210.00         
1326   | 210.00         
1327   | 210.00         
1328   | 210.00         
1329   | 210.00         
1330   | 210.00         
1331   | 210.00         
1332   | 210.00         
1333   | 210.00         
1334   | 210.00         
1335   | 210.00         
1336   | 210.00         
1337   | 210.00         
1338   | 210.00         
1339   | 210.00         
1340   | 210.00         
1341   | 210.00         
1342   | 210.00         
1343   | 210.00         
1344   | 210.00         
1345   | 210.00         
1346   | 210.00         
1347   | 210.00         
1348   | 210.00         
1349   | 210.00         
1350   | 210.00         
1351   | 210.00         
1352   | 210.00         
1353   | 210.00         
1354   | 210.00         
1355   | 210.00         
1356   | 210.00         
1357   | 210.00         
1358   | 210.00         
1359   | 210.00         
1360   | 210.00         
1361   | 210.00         
1362   | 210.00         
1363   | 210.00         
1364   | 210.00         
1365   | 210.00         
1366   | 210.00         
1367   | 210.00         
1368   | 210.00         
1369   | 210.00         
1370   | 210.00         
1371   | 210.00         
1372   | 210.00         
1373   | 210.00         
1374   | 210.00         
1375   | 210.00         
1376   | 210.00         
1377   | 210.00         
1378   | 210.00         
1379   | 210.00         
1380   | 210.00         
1381   | 210.00         
1382   | 210.00         
1383   | 210.00         
1384   | 210.00         
1385   | 210.00         
1386   | 210.00         
1387   | 210.00         
1388   | 210.00         
1389   | 210.00         
1390   | 210.00         
1391   | 210.00         
1392   | 210.00         
1393   | 210.00         
1394   | 210.00         
1395   | 210.00         
1396   | 210.00         
1397   | 210.00         
1398   | 210.00         
1399   | 210.00         
1400   | 210.00         
1401   | 210.00         
1402   | 210.00         
1403   | 210.00         
1404   | 210.00         
1405   | 210.00         
1406   | 210.00         
1407   | 210.00         
1408   | 210.00         
1409   | 210.00         
1410   | 210.00         
1411   | 210.00         
1412   | 210.00         
1413   | 210.00         
1414   | 210.00         
1415   | 210.00         
1416   | 210.00         
1417   | 210.00         
1418   | 210.00         
1419   | 210.00         
1420   | 210.00         
1421   | 210.00         
1422   | 210.00         
1423   | 210.00         
1424   | 210.00         
1425   | 210.00         
1426   | 210.00         
1427   | 210.00         
1428   | 210.00         
1429   | 210.00         
1430   | 210.00         
1431   | 210.00         
1432   | 210.00         
1433   | 210.00         
1434   | 210.00         
1435   | 210.00         
1436   | 210.00         
1437   | 210.00         
1438   | 210.00         
1439   | 210.00         
1440   | 210.00         
