Minute | Consumption (W) - SCENARIO: Big Cleaning
---------------------------------------------
1      | 210.00         
2      | 210.00         
3      | 210.00         
4      | 210.00         
5      | 210.00         
6      | 210.00         
7      | 210.00         
8      | 210.00         
9      | 210.00         
10     | 210.00         
11     | 210.00         
12     | 210.00         
13     | 210.00         
14     | 210.00         
15     | 210.00         
16     | 210.00         
17     | 210.00         
18     | 210.00         
19     | 210.00         
20     | 210.00         
21     | 210.00         
22     | 210.00         
23     | 210.00         
24     | 210.00         
25     | 210.00         
26     | 210.00         
27     | 210.00         
28     | 210.00         
29     | 210.00         
30     | 210.00         
31     | 210.00         
32     | 210.00         
33     | 210.00         
34     | 210.00         
35     | 210.00         
36     | 210.00         
37     | 210.00         
38     | 210.00         
39     | 210.00         
40     | 210.00         
41     | 210.00         
42     | 210.00         
43     | 210.00         
44     | 210.00         
45     | 210.00         
46     | 210.00         
47     | 210.00         
48     | 210.00         
49     | 210.00         
50     | 210.00         
51     | 210.00         
52     | 210.00         
53     | 210.00         
54     | 210.00         
55     | 210.00         
56     | 210.00         
57     | 210.00         
58     | 210.00         
59     | 210.00         
60     | 210.00         
61     | 210.00         
62     | 210.00         
63     | 210.00         
64     | 210.00         
65     | 210.00         
66     | 210.00         
67     | 210.00         
68     | 210.00         
69     | 210.00         
70     | 210.00         
71     | 210.00         
72     | 210.00         
73     | 210.00         
74     | 210.00         
75     | 210.00         
76     | 210.00         
77     | 210.00         
78     | 210.00         
79     | 210.00         
80     | 210.00         
81     | 210.00         
82     | 210.00         
83     | 210.00         
84     | 210.00         
85     | 210.00         
86     | 210.00         
87     | 210.00         
88     | 210.00         
89     | 210.00         
90     | 210.00         
91     | 210.00         
92     | 210.00         
93     | 210.00         
94     | 210.00         
95     | 210.00         
96     | 210.00         
97     | 210.00         
98     | 210.00         
99     | 210.00         
100    | 210.00         
101    | 210.00         
102    | 210.00         
103    | 210.00         
104    | 210.00         
105    | 210.00         
106    | 210.00         
107    | 210.00         
108    | 210.00         
109    | 210.00         
110    | 210.00         
111    | 210.00         
112    | 210.00         
113    | 210.00         
114    | 210.00         
115    | 210.00         
116    | 210.00         
117    | 210.00         
118    | 210.00         
119    | 210.00         
120    | 210.00         
121    | 210.00         
122    | 210.00         
123    | 210.00         
124    | 210.00         
125    | 210.00         
126    | 210.00         
127    | 210.00         
128    | 210.00         
129    | 210.00         
130    | 210.00         
131    | 210.00         
132    | 210.00         
133    | 210.00         
134    | 210.00         
135    | 210.00         
136    | 210.00         
137    | 210.00         
138    | 210.00         
139    | 210.00         
140    | 210.00         
141    | 210.00         
142    | 210.00         
143    | 210.00         
144    | 210.00         
145    | 210.00         
146    | 210.00         
147    | 210.00         
148    | 210.00         
149    | 210.00         
150    | 210.00         
151    | 210.00         
152    | 210.00         
153    | 210.00         
154    | 210.00         
155    | 210.00         
156    | 210.00         
157    | 210.00         
158    | 210.00         
159    | 210.00         
160    | 210.00         
161    | 210.00         
162    | 210.00         
163    | 210.00         
164    | 210.00         
165    | 210.00         
166    | 210.00         
167    | 210.00         
168    | 210.00         
169    | 210.00         
170    | 210.00         
171    | 210.00         
172    | 210.00         
173    | 210.00         
174    | 210.00         
175    | 210.00         
176    | 210.00         
177    | 210.00         
178    | 210.00         
179    | 210.00         
180    | 210.00         
181    | 210.00         
182    | 210.00         
183    | 210.00         
184    | 210.00         
185    | 210.00         
186    | 210.00         
187    | 210.00         
188    | 210.00         
189    | 210.00         
190    | 210.00         
191    | 210.00         
192    | 210.00         
193    | 210.00         
194    | 210.00         
195    | 210.00         
196    | 210.00         
197    | 210.00         
198    | 210.00         
199    | 210.00         
200    | 210.00         
201    | 210.00         
202    | 210.00         
203    | 210.00         
204    | 210.00         
205    | 210.00         
206    | 210.00         
207    | 210.00         
208    | 210.00         
209    | 210.00         
210    | 210.00         
211    | 210.00         
212    | 210.00         
213    | 210.00         
214    | 210.00         
215    | 210.00         
216    | 210.00         
217    | 210.00         
218    | 210.00         
219    | 210.00         
220    | 210.00         
221    | 210.00         
222    | 210.00         
223    | 210.00         
224    | 210.00         
225    | 210.00         
226    | 210.00         
227    | 210.00         
228    | 210.00         
229    | 210.00         
230    | 210.00         
231    | 210.00         
232    | 210.00         
233    | 210.00         
234    | 210.00         
235    | 210.00         
236    | 210.00         
237    | 210.00         
238    | 210.00         
239    | 210.00         
240    | 210.00         
241    | 210.00         
242    | 210.00         
243    | 210.00         
244    | 210.00         
245    | 210.00         
246    | 210.00         
247    | 210.00         
248    | 210.00         
249    | 210.00         
250    | 210.00         
251    | 210.00         
252    | 210.00         
253    | 210.00         
254    | 210.00         
255    | 210.00         
256    | 210.00         
257    | 210.00         
258    | 210.00         
259    | 210.00         
260    | 210.00         
261    | 210.00         
262    | 210.00         
263    | 210.00         
264    | 210.00         
265    | 210.00         
266    | 210.00         
267    | 210.00         
268    | 210.00         
269    | 210.00         
270    | 210.00         
271    | 210.00         
272    | 210.00         
273    | 210.00         
274    | 210.00         
275    | 210.00         
276    | 210.00         
277    | 210.00         
278    | 210.00         
279    | 210.00         
280    | 210.00         
281    | 210.00         
282    | 210.00         
283    | 210.00         
284    | 210.00         
285    | 210.00         
286    | 210.00         
287    | 210.00         
288    | 210.00         
289    | 210.00         
290    | 210.00         
291    | 210.00         
292    | 210.00         
293    | 210.00         
294    | 210.00         
295    | 210.00         
296    | 210.00         
297    | 210.00         
298    | 210.00         
299    | 210.00         
300    | 210.00         
301    | 210.00         
302    | 210.00         
303    | 210.00         
304    | 210.00         
305    | 210.00         
306    | 210.00         
307    | 210.00         
308    | 210.00         
309    | 210.00         
310    | 210.00         
311    | 210.00         
312    | 210.00         
313    | 210.00         
314    | 210.00         
315    | 210.00         
316    | 210.00         
317    | 210.00         
318    | 210.00         
319    | 210.00         
320    | 210.00         
321    | 210.00         
322    | 210.00         
323    | 210.00         
324    | 210.00         
325    | 210.00         
326    | 210.00         
327    | 210.00         
328    | 210.00         
329    | 210.00         
330    | 210.00         
331    | 210.00         
332    | 210.00         
333    | 210.00         
334    | 210.00         
335    | 210.00         
336    | 210.00         
337    | 210.00         
338    | 210.00         
339    | 210.00         
340    | 210.00         
341    | 210.00         
342    | 210.00         
343    | 210.00         
344    | 210.00         
345    | 210.00         
346    | 210.00         
347    | 210.00         
348    | 210.00         
349    | 210.00         
350    | 210.00         
351    | 210.00         
352    | 210.00         
353    | 210.00         
354    | 210.00         
355    | 210.00         
356    | 210.00         
357    | 210.00         
358    | 210.00         
359    | 210.00         
360    | 210.00         
361    | 350.85         
362    | 347.95         
363    | 346.98         
364    | 352.96         
365    | 348.90         
366    | 352.34         
367    | 349.67         
368    | 350.90         
369    | 348.78         
370    | 352.34         
371    | 347.03         
372    | 351.90         
373    | 352.06         
374    | 348.51         
375    | 347.39         
376    | 346.41         
377    | 346.75         
378    | 348.82         
379    | 346.41         
380    | 351.11         
381    | 352.69         
382    | 346.42         
383    | 349.59         
384    | 347.18         
385    | 351.06         
386    | 352.47         
387    | 349.11         
388    | 350.35         
389    | 347.43         
390    | 346.88         
391    | 2352.72        
392    | 2351.67        
393    | 2352.50        
394    | 2350.30        
395    | 2346.81        
396    | 348.63         
397    | 352.82         
398    | 349.13         
399    | 348.84         
400    | 349.62         
401    | 353.39         
402    | 349.94         
403    | 350.36         
404    | 351.12         
405    | 351.54         
406    | 353.49         
407    | 346.85         
408    | 349.68         
409    | 346.56         
410    | 350.68         
411    | 352.02         
412    | 352.86         
413    | 347.55         
414    | 352.47         
415    | 350.77         
416    | 350.74         
417    | 348.07         
418    | 349.77         
419    | 350.44         
420    | 352.45         
421    | 748.98         
422    | 747.21         
423    | 751.74         
424    | 748.28         
425    | 748.44         
426    | 751.05         
427    | 750.96         
428    | 751.77         
429    | 750.68         
430    | 748.69         
431    | 747.23         
432    | 751.86         
433    | 747.46         
434    | 748.62         
435    | 751.34         
436    | 748.27         
437    | 749.02         
438    | 747.78         
439    | 752.24         
440    | 752.62         
441    | 751.68         
442    | 751.48         
443    | 749.30         
444    | 748.81         
445    | 753.47         
446    | 752.53         
447    | 751.62         
448    | 751.13         
449    | 752.76         
450    | 750.93         
451    | 748.14         
452    | 746.88         
453    | 749.96         
454    | 751.03         
455    | 746.80         
456    | 748.67         
457    | 751.51         
458    | 747.58         
459    | 747.58         
460    | 748.79         
461    | 750.67         
462    | 747.96         
463    | 748.64         
464    | 748.65         
465    | 747.88         
466    | 747.00         
467    | 752.67         
468    | 749.70         
469    | 749.56         
470    | 748.18         
471    | 747.63         
472    | 749.14         
473    | 753.27         
474    | 752.42         
475    | 747.44         
476    | 753.51         
477    | 748.38         
478    | 750.40         
479    | 753.45         
480    | 749.95         
481    | 2748.64        
482    | 2752.41        
483    | 2747.53        
484    | 2753.51        
485    | 2748.50        
486    | 746.88         
487    | 750.90         
488    | 749.10         
489    | 749.47         
490    | 752.56         
491    | 748.19         
492    | 752.96         
493    | 752.12         
494    | 752.26         
495    | 749.11         
496    | 748.31         
497    | 746.79         
498    | 752.70         
499    | 748.83         
500    | 748.27         
501    | 748.24         
502    | 753.54         
503    | 751.06         
504    | 753.25         
505    | 746.45         
506    | 750.14         
507    | 747.22         
508    | 752.16         
509    | 749.33         
510    | 751.65         
511    | 752.29         
512    | 747.58         
513    | 749.71         
514    | 753.11         
515    | 746.59         
516    | 750.70         
517    | 752.56         
518    | 751.09         
519    | 747.55         
520    | 749.90         
521    | 747.94         
522    | 751.49         
523    | 748.21         
524    | 748.71         
525    | 751.18         
526    | 748.99         
527    | 752.08         
528    | 752.70         
529    | 747.91         
530    | 749.75         
531    | 750.99         
532    | 747.30         
533    | 750.23         
534    | 749.89         
535    | 748.53         
536    | 746.78         
537    | 752.80         
538    | 748.93         
539    | 752.81         
540    | 747.53         
541    | 2576.53        
542    | 2578.27        
543    | 2583.15        
544    | 2581.34        
545    | 2576.93        
546    | 2578.87        
547    | 2576.59        
548    | 2581.56        
549    | 2580.37        
550    | 2580.90        
551    | 2582.21        
552    | 2579.40        
553    | 2579.94        
554    | 2577.05        
555    | 2583.27        
556    | 2577.82        
557    | 2577.48        
558    | 2581.64        
559    | 2576.61        
560    | 2582.29        
561    | 2583.60        
562    | 2580.00        
563    | 2580.71        
564    | 2578.47        
565    | 2582.02        
566    | 2576.41        
567    | 2580.56        
568    | 2578.81        
569    | 2577.71        
570    | 2577.63        
571    | 2578.65        
572    | 2581.22        
573    | 2577.41        
574    | 2581.84        
575    | 2580.26        
576    | 2578.46        
577    | 2582.99        
578    | 2583.55        
579    | 2577.24        
580    | 2581.19        
581    | 2583.37        
582    | 2576.40        
583    | 2582.17        
584    | 2582.78        
585    | 2581.36        
586    | 2578.98        
587    | 2583.22        
588    | 2582.78        
589    | 2576.61        
590    | 2578.73        
591    | 2582.98        
592    | 2580.46        
593    | 2576.75        
594    | 2579.10        
595    | 2577.20        
596    | 2578.82        
597    | 2579.64        
598    | 2577.64        
599    | 2579.03        
600    | 2583.05        
601    | 2582.57        
602    | 2577.21        
603    | 2578.35        
604    | 2582.17        
605    | 2576.70        
606    | 2580.56        
607    | 2576.88        
608    | 2577.42        
609    | 2583.05        
610    | 2582.08        
611    | 2580.19        
612    | 2577.72        
613    | 2580.11        
614    | 2583.16        
615    | 2578.88        
616    | 2579.93        
617    | 2582.84        
618    | 2578.73        
619    | 2582.89        
620    | 2581.41        
621    | 2581.17        
622    | 2578.27        
623    | 2577.05        
624    | 2576.42        
625    | 2577.49        
626    | 2581.11        
627    | 2580.37        
628    | 2577.80        
629    | 2583.29        
630    | 2580.81        
631    | 2578.01        
632    | 2583.19        
633    | 2583.47        
634    | 2577.61        
635    | 2582.49        
636    | 2579.85        
637    | 2578.79        
638    | 2578.61        
639    | 2580.20        
640    | 2577.29        
641    | 2579.36        
642    | 2583.25        
643    | 2581.79        
644    | 2579.51        
645    | 2576.56        
646    | 2581.05        
647    | 2578.07        
648    | 2583.25        
649    | 2580.30        
650    | 2580.51        
651    | 2583.06        
652    | 2583.30        
653    | 2582.93        
654    | 2579.87        
655    | 2583.60        
656    | 2577.93        
657    | 2582.49        
658    | 2579.95        
659    | 2582.36        
660    | 2578.10        
661    | 2581.65        
662    | 2577.28        
663    | 2579.00        
664    | 2579.00        
665    | 2579.24        
666    | 2578.18        
667    | 2581.92        
668    | 2582.98        
669    | 2582.73        
670    | 2581.06        
671    | 2579.94        
672    | 2578.09        
673    | 2576.47        
674    | 2583.47        
675    | 2577.44        
676    | 2579.03        
677    | 2582.65        
678    | 2581.35        
679    | 2580.59        
680    | 2577.29        
681    | 2576.96        
682    | 2579.41        
683    | 2579.02        
684    | 2581.26        
685    | 2579.18        
686    | 2578.87        
687    | 2578.75        
688    | 2582.88        
689    | 2581.57        
690    | 2578.46        
691    | 2577.72        
692    | 2580.79        
693    | 2582.61        
694    | 2577.48        
695    | 2581.14        
696    | 2579.88        
697    | 2580.58        
698    | 2578.76        
699    | 2579.03        
700    | 2581.92        
701    | 2579.41        
702    | 2579.99        
703    | 2581.44        
704    | 2581.66        
705    | 2579.63        
706    | 2579.95        
707    | 2578.20        
708    | 2577.38        
709    | 2577.30        
710    | 2579.98        
711    | 2580.58        
712    | 2577.13        
713    | 2577.18        
714    | 2579.65        
715    | 2582.67        
716    | 2579.83        
717    | 2579.21        
718    | 2580.57        
719    | 2581.19        
720    | 2577.90        
721    | 727.28         
722    | 730.11         
723    | 726.77         
724    | 732.76         
725    | 730.89         
726    | 728.99         
727    | 726.76         
728    | 732.60         
729    | 732.46         
730    | 731.68         
731    | 1729.49        
732    | 1730.36        
733    | 1730.59        
734    | 1727.85        
735    | 1732.19        
736    | 1726.90        
737    | 1732.44        
738    | 1728.00        
739    | 1728.83        
740    | 1731.58        
741    | 731.76         
742    | 732.83         
743    | 729.09         
744    | 728.69         
745    | 727.27         
746    | 733.26         
747    | 729.18         
748    | 732.23         
749    | 731.49         
750    | 731.15         
751    | 733.16         
752    | 726.89         
753    | 730.20         
754    | 732.37         
755    | 731.42         
756    | 730.85         
757    | 731.34         
758    | 727.32         
759    | 733.13         
760    | 732.16         
761    | 729.52         
762    | 732.71         
763    | 727.99         
764    | 726.67         
765    | 727.81         
766    | 728.96         
767    | 733.37         
768    | 729.11         
769    | 730.97         
770    | 731.73         
771    | 732.43         
772    | 729.11         
773    | 729.26         
774    | 727.12         
775    | 730.85         
776    | 727.09         
777    | 731.44         
778    | 733.01         
779    | 732.72         
780    | 732.03         
781    | 702.92         
782    | 700.51         
783    | 697.10         
784    | 699.80         
785    | 702.09         
786    | 698.28         
787    | 701.82         
788    | 700.68         
789    | 699.27         
790    | 703.37         
791    | 702.26         
792    | 700.68         
793    | 699.76         
794    | 697.06         
795    | 703.48         
796    | 697.53         
797    | 698.96         
798    | 701.61         
799    | 703.16         
800    | 700.59         
801    | 701.39         
802    | 697.19         
803    | 702.96         
804    | 702.69         
805    | 698.49         
806    | 698.07         
807    | 696.76         
808    | 703.24         
809    | 701.37         
810    | 700.85         
811    | 696.79         
812    | 696.99         
813    | 698.99         
814    | 697.74         
815    | 700.00         
816    | 703.27         
817    | 699.94         
818    | 700.20         
819    | 697.71         
820    | 697.58         
821    | 698.66         
822    | 700.08         
823    | 697.60         
824    | 703.47         
825    | 703.02         
826    | 697.20         
827    | 702.14         
828    | 700.14         
829    | 697.53         
830    | 696.87         
831    | 696.92         
832    | 699.19         
833    | 701.94         
834    | 699.66         
835    | 699.11         
836    | 699.16         
837    | 696.47         
838    | 698.10         
839    | 698.08         
840    | 702.42         
841    | 697.63         
842    | 701.38         
843    | 697.99         
844    | 700.69         
845    | 702.60         
846    | 698.93         
847    | 697.83         
848    | 698.19         
849    | 702.45         
850    | 697.06         
851    | 697.57         
852    | 697.12         
853    | 702.01         
854    | 697.86         
855    | 698.02         
856    | 701.68         
857    | 700.53         
858    | 699.62         
859    | 697.39         
860    | 696.41         
861    | 703.54         
862    | 698.98         
863    | 699.41         
864    | 699.46         
865    | 698.04         
866    | 696.95         
867    | 697.68         
868    | 699.13         
869    | 698.89         
870    | 702.97         
871    | 699.94         
872    | 699.59         
873    | 696.73         
874    | 697.02         
875    | 697.30         
876    | 696.44         
877    | 700.89         
878    | 696.95         
879    | 701.56         
880    | 697.90         
881    | 702.82         
882    | 699.12         
883    | 701.07         
884    | 699.37         
885    | 696.89         
886    | 699.24         
887    | 700.59         
888    | 699.39         
889    | 697.91         
890    | 697.61         
891    | 699.58         
892    | 703.21         
893    | 699.44         
894    | 696.86         
895    | 698.79         
896    | 702.92         
897    | 697.55         
898    | 699.46         
899    | 700.63         
900    | 702.58         
901    | 701.54         
902    | 703.25         
903    | 697.99         
904    | 697.17         
905    | 699.53         
906    | 696.71         
907    | 703.51         
908    | 700.76         
909    | 698.21         
910    | 701.35         
911    | 701.02         
912    | 700.44         
913    | 701.68         
914    | 698.29         
915    | 702.62         
916    | 701.63         
917    | 698.04         
918    | 697.86         
919    | 698.99         
920    | 703.43         
921    | 703.34         
922    | 701.30         
923    | 701.55         
924    | 698.47         
925    | 702.01         
926    | 698.44         
927    | 700.98         
928    | 697.88         
929    | 697.63         
930    | 700.06         
931    | 702.34         
932    | 699.53         
933    | 702.92         
934    | 701.64         
935    | 698.91         
936    | 702.86         
937    | 699.12         
938    | 701.55         
939    | 701.06         
940    | 698.47         
941    | 700.30         
942    | 696.88         
943    | 698.47         
944    | 699.40         
945    | 702.98         
946    | 697.71         
947    | 697.62         
948    | 696.68         
949    | 697.11         
950    | 698.23         
951    | 701.45         
952    | 700.77         
953    | 698.77         
954    | 697.70         
955    | 697.23         
956    | 697.97         
957    | 697.72         
958    | 699.94         
959    | 700.64         
960    | 699.80         
961    | 696.48         
962    | 701.22         
963    | 701.27         
964    | 697.17         
965    | 699.51         
966    | 700.64         
967    | 698.78         
968    | 702.74         
969    | 702.59         
970    | 703.24         
971    | 699.28         
972    | 698.41         
973    | 702.23         
974    | 702.02         
975    | 697.05         
976    | 696.44         
977    | 702.62         
978    | 703.28         
979    | 703.53         
980    | 696.88         
981    | 697.12         
982    | 702.73         
983    | 701.71         
984    | 703.21         
985    | 698.97         
986    | 699.18         
987    | 700.49         
988    | 698.08         
989    | 697.03         
990    | 702.19         
991    | 698.56         
992    | 697.69         
993    | 699.89         
994    | 697.81         
995    | 700.25         
996    | 697.97         
997    | 702.19         
998    | 698.36         
999    | 698.46         
1000   | 698.04         
1001   | 696.56         
1002   | 701.65         
1003   | 696.97         
1004   | 703.15         
1005   | 701.88         
1006   | 697.71         
1007   | 698.54         
1008   | 698.05         
1009   | 698.27         
1010   | 697.02         
1011   | 701.98         
1012   | 701.94         
1013   | 702.94         
1014   | 702.89         
1015   | 703.24         
1016   | 702.66         
1017   | 700.26         
1018   | 699.59         
1019   | 696.97         
1020   | 697.16         
1021   | 850.62         
1022   | 846.82         
1023   | 847.54         
1024   | 852.88         
1025   | 846.48         
1026   | 853.37         
1027   | 848.50         
1028   | 851.99         
1029   | 852.81         
1030   | 850.86         
1031   | 853.30         
1032   | 850.80         
1033   | 852.23         
1034   | 847.22         
1035   | 849.48         
1036   | 846.48         
1037   | 852.72         
1038   | 853.16         
1039   | 849.21         
1040   | 848.55         
1041   | 852.47         
1042   | 853.53         
1043   | 847.84         
1044   | 848.40         
1045   | 847.29         
1046   | 849.83         
1047   | 847.94         
1048   | 849.42         
1049   | 851.92         
1050   | 850.83         
1051   | 848.92         
1052   | 850.13         
1053   | 848.36         
1054   | 850.20         
1055   | 852.30         
1056   | 851.03         
1057   | 850.29         
1058   | 849.79         
1059   | 852.89         
1060   | 847.46         
1061   | 853.43         
1062   | 852.56         
1063   | 852.63         
1064   | 851.96         
1065   | 848.30         
1066   | 851.40         
1067   | 848.60         
1068   | 852.33         
1069   | 847.05         
1070   | 849.39         
1071   | 846.82         
1072   | 847.48         
1073   | 847.28         
1074   | 851.96         
1075   | 847.51         
1076   | 848.62         
1077   | 847.44         
1078   | 846.80         
1079   | 853.05         
1080   | 852.85         
1081   | 846.93         
1082   | 850.04         
1083   | 853.10         
1084   | 849.88         
1085   | 850.28         
1086   | 851.83         
1087   | 847.87         
1088   | 852.65         
1089   | 847.88         
1090   | 853.48         
1091   | 849.35         
1092   | 851.66         
1093   | 852.75         
1094   | 849.08         
1095   | 849.12         
1096   | 848.12         
1097   | 849.70         
1098   | 851.98         
1099   | 850.60         
1100   | 848.73         
1101   | 849.40         
1102   | 850.67         
1103   | 852.19         
1104   | 848.17         
1105   | 850.71         
1106   | 848.64         
1107   | 851.76         
1108   | 848.06         
1109   | 849.15         
1110   | 852.60         
1111   | 849.54         
1112   | 850.86         
1113   | 850.03         
1114   | 848.29         
1115   | 851.12         
1116   | 848.62         
1117   | 850.77         
1118   | 851.69         
1119   | 852.93         
1120   | 852.86         
1121   | 851.28         
1122   | 850.20         
1123   | 849.65         
1124   | 851.25         
1125   | 851.51         
1126   | 853.46         
1127   | 847.32         
1128   | 852.68         
1129   | 848.64         
1130   | 848.16         
1131   | 852.40         
1132   | 850.12         
1133   | 849.81         
1134   | 850.93         
1135   | 850.39         
1136   | 848.25         
1137   | 847.66         
1138   | 850.71         
1139   | 847.36         
1140   | 849.96         
1141   | 846.64         
1142   | 848.27         
1143   | 852.34         
1144   | 853.08         
1145   | 852.86         
1146   | 847.21         
1147   | 848.06         
1148   | 853.45         
1149   | 852.79         
1150   | 851.18         
1151   | 847.07         
1152   | 853.14         
1153   | 852.19         
1154   | 849.87         
1155   | 850.59         
1156   | 849.47         
1157   | 851.31         
1158   | 853.31         
1159   | 846.62         
1160   | 847.11         
1161   | 849.06         
1162   | 850.50         
1163   | 853.36         
1164   | 850.75         
1165   | 850.23         
1166   | 851.78         
1167   | 846.94         
1168   | 847.97         
1169   | 848.16         
1170   | 846.73         
1171   | 851.68         
1172   | 847.38         
1173   | 849.74         
1174   | 851.49         
1175   | 853.47         
1176   | 851.79         
1177   | 848.01         
1178   | 850.15         
1179   | 852.58         
1180   | 849.40         
1181   | 850.34         
1182   | 849.19         
1183   | 853.53         
1184   | 850.18         
1185   | 852.73         
1186   | 850.73         
1187   | 847.11         
1188   | 852.05         
1189   | 846.66         
1190   | 852.42         
1191   | 848.21         
1192   | 850.52         
1193   | 852.83         
1194   | 851.68         
1195   | 851.84         
1196   | 850.88         
1197   | 850.89         
1198   | 848.64         
1199   | 849.96         
1200   | 847.46         
1201   | 846.45         
1202   | 850.20         
1203   | 848.37         
1204   | 850.70         
1205   | 848.79         
1206   | 848.61         
1207   | 851.04         
1208   | 850.94         
1209   | 851.55         
1210   | 847.94         
1211   | 849.61         
1212   | 852.79         
1213   | 847.22         
1214   | 851.32         
1215   | 852.91         
1216   | 848.84         
1217   | 851.04         
1218   | 851.45         
1219   | 852.03         
1220   | 850.29         
1221   | 852.56         
1222   | 847.10         
1223   | 847.00         
1224   | 852.66         
1225   | 848.99         
1226   | 849.25         
1227   | 853.06         
1228   | 851.44         
1229   | 846.87         
1230   | 852.40         
1231   | 850.52         
1232   | 848.74         
1233   | 851.59         
1234   | 853.13         
1235   | 846.87         
1236   | 848.83         
1237   | 848.43         
1238   | 853.29         
1239   | 849.33         
1240   | 848.30         
1241   | 847.98         
1242   | 848.11         
1243   | 852.25         
1244   | 849.55         
1245   | 848.42         
1246   | 847.72         
1247   | 850.04         
1248   | 850.08         
1249   | 849.20         
1250   | 852.58         
1251   | 850.42         
1252   | 850.42         
1253   | 853.31         
1254   | 847.34         
1255   | 849.21         
1256   | 848.98         
1257   | 847.82         
1258   | 852.76         
1259   | 847.17         
1260   | 850.19         
1261   | 449.50         
1262   | 449.32         
1263   | 447.28         
1264   | 451.60         
1265   | 450.45         
1266   | 452.11         
1267   | 447.59         
1268   | 449.49         
1269   | 447.57         
1270   | 450.32         
1271   | 447.10         
1272   | 452.35         
1273   | 449.08         
1274   | 448.10         
1275   | 453.56         
1276   | 451.66         
1277   | 449.21         
1278   | 451.37         
1279   | 449.72         
1280   | 447.00         
1281   | 447.56         
1282   | 448.02         
1283   | 453.52         
1284   | 450.87         
1285   | 449.98         
1286   | 449.95         
1287   | 449.05         
1288   | 447.81         
1289   | 447.09         
1290   | 450.59         
1291   | 451.53         
1292   | 449.11         
1293   | 452.85         
1294   | 447.72         
1295   | 447.66         
1296   | 448.11         
1297   | 450.90         
1298   | 450.25         
1299   | 450.21         
1300   | 449.70         
1301   | 448.37         
1302   | 446.74         
1303   | 452.22         
1304   | 449.37         
1305   | 448.45         
1306   | 450.83         
1307   | 446.97         
1308   | 446.88         
1309   | 448.37         
1310   | 451.34         
1311   | 448.59         
1312   | 453.49         
1313   | 447.99         
1314   | 453.09         
1315   | 451.66         
1316   | 448.87         
1317   | 451.44         
1318   | 447.86         
1319   | 452.48         
1320   | 450.29         
1321   | 210.00         
1322   | 210.00         
1323   | 210.00         
1324   | 210.00         
1325   | 210.00         
1326   | 210.00         
1327   | 210.00         
1328   | 210.00         
1329   | 210.00         
1330   | 210.00         
1331   | 210.00         
1332   | 210.00         
1333   | 210.00         
1334   | 210.00         
1335   | 210.00         
1336   | 210.00         
1337   | 210.00         
1338   | 210.00         
1339   | 210.00         
1340   | 210.00         
1341   | 210.00         
1342   | 210.00         
1343   | 210.00         
1344   | 210.00         
1345   | 210.00         
1346   | 210.00         
1347   | 210.00         
1348   | 210.00         
1349   | 210.00         
1350   | 210.00         
1351   | 210.00         
1352   | 210.00         
1353   | 210.00         
1354   | 210.00         
1355   | 210.00         
1356   | 210.00         
1357   | 210.00         
1358   | 210.00         
1359   | 210.00         
1360   | 210.00         
1361   | 210.00         
1362   | 210.00         
1363   | 210.00         
1364   | 210.00         
1365   | 210.00         
1366   | 210.00         
1367   | 210.00         
1368   | 210.00         
1369   | 210.00         
1370   | 210.00         
1371   | 210.00         
1372   | 210.00         
1373   | 210.00         
1374   | 210.00         
1375   | 210.00         
1376   | 210.00         
1377   | 210.00         
1378   | 210.00         
1379   | 210.00         
1380   | 210.00         
1381   | 210.00         
1382   | 210.00         
1383   | 210.00         
1384   | 210.00         
1385   | 210.00         
1386   | 210.00         
1387   | 210.00         
1388   | 210.00         
1389   | 210.00         
1390   | 210.00         
1391   | 210.00         
1392   | 210.00         
1393   | 210.00         
1394   | 210.00         
1395   | 210.00         
1396   | 210.00         
1397   | 210.00         
1398   | 210.00         
1399   | 210.00         
1400   | 210.00         
1401   | 210.00         
1402   | 210.00         
1403   | 210.00         
1404   | 210.00         
1405   | 210.00         
1406   | 210.00         
1407   | 210.00         
1408   | 210.00         
1409   | 210.00         
1410   | 210.00         
1411   | 210.00         
1412   | 210.00         
1413   | 210.00         
1414   | 210.00         
1415   | 210.00         
1416   | 210.00         
1417   | 210.00         
1418   | 210.00         
1419   | 210.00         
1420   | 210.00         
1421   | 210.00         
1422   | 210.00         
1423   | 210.00         
1424   | 210.00         
1425   | 210.00         
1426   | 210.00         
1427   | 210.00         
1428   | 210.00         
1429   | 210.00         
1430   | 210.00         
1431   | 210.00         
1432   | 210.00         
1433   | 210.00         
1434   | 210.00         
1435   | 210.00         
1436   | 210.00         
1437   | 210.00         
1438   | 210.00         
1439   | 210.00         
1440   | 210.00         
