Minute | Consumption (W) - SCENARIO: Laundry + Cooking + Guests
---------------------------------------------
1      | 210.00         
2      | 210.00         
3      | 210.00         
4      | 210.00         
5      | 210.00         
6      | 210.00         
7      | 210.00         
8      | 210.00         
9      | 210.00         
10     | 210.00         
11     | 210.00         
12     | 210.00         
13     | 210.00         
14     | 210.00         
15     | 210.00         
16     | 210.00         
17     | 210.00         
18     | 210.00         
19     | 210.00         
20     | 210.00         
21     | 210.00         
22     | 210.00         
23     | 210.00         
24     | 210.00         
25     | 210.00         
26     | 210.00         
27     | 210.00         
28     | 210.00         
29     | 210.00         
30     | 210.00         
31     | 210.00         
32     | 210.00         
33     | 210.00         
34     | 210.00         
35     | 210.00         
36     | 210.00         
37     | 210.00         
38     | 210.00         
39     | 210.00         
40     | 210.00         
41     | 210.00         
42     | 210.00         
43     | 210.00         
44     | 210.00         
45     | 210.00         
46     | 210.00         
47     | 210.00         
48     | 210.00         
49     | 210.00         
50     | 210.00         
51     | 210.00         
52     | 210.00         
53     | 210.00         
54     | 210.00         
55     | 210.00         
56     | 210.00         
57     | 210.00         
58     | 210.00         
59     | 210.00         
60     | 210.00         
61     | 210.00         
62     | 210.00         
63     | 210.00         
64     | 210.00         
65     | 210.00         
66     | 210.00         
67     | 210.00         
68     | 210.00         
69     | 210.00         
70     | 210.00         
71     | 210.00         
72     | 210.00         
73     | 210.00         
74     | 210.00         
75     | 210.00         
76     | 210.00         
77     | 210.00         
78     | 210.00         
79     | 210.00         
80     | 210.00         
81     | 210.00         
82     | 210.00         
83     | 210.00         
84     | 210.00         
85     | 210.00         
86     | 210.00         
87     | 210.00         
88     | 210.00         
89     | 210.00         
90     | 210.00         
91     | 210.00         
92     | 210.00         
93     | 210.00         
94     | 210.00         
95     | 210.00         
96     | 210.00         
97     | 210.00         
98     | 210.00         
99     | 210.00         
100    | 210.00         
101    | 210.00         
102    | 210.00         
103    | 210.00         
104    | 210.00         
105    | 210.00         
106    | 210.00         
107    | 210.00         
108    | 210.00         
109    | 210.00         
110    | 210.00         
111    | 210.00         
112    | 210.00         
113    | 210.00         
114    | 210.00         
115    | 210.00         
116    | 210.00         
117    | 210.00         
118    | 210.00         
119    | 210.00         
120    | 210.00         
121    | 210.00         
122    | 210.00         
123    | 210.00         
124    | 210.00         
125    | 210.00         
126    | 210.00         
127    | 210.00         
128    | 210.00         
129    | 210.00         
130    | 210.00         
131    | 210.00         
132    | 210.00         
133    | 210.00         
134    | 210.00         
135    | 210.00         
136    | 210.00         
137    | 210.00         
138    | 210.00         
139    | 210.00         
140    | 210.00         
141    | 210.00         
142    | 210.00         
143    | 210.00         
144    | 210.00         
145    | 210.00         
146    | 210.00         
147    | 210.00         
148    | 210.00         
149    | 210.00         
150    | 210.00         
151    | 210.00         
152    | 210.00         
153    | 210.00         
154    | 210.00         
155    | 210.00         
156    | 210.00         
157    | 210.00         
158    | 210.00         
159    | 210.00         
160    | 210.00         
161    | 210.00         
162    | 210.00         
163    | 210.00         
164    | 210.00         
165    | 210.00         
166    | 210.00         
167    | 210.00         
168    | 210.00         
169    | 210.00         
170    | 210.00         
171    | 210.00         
172    | 210.00         
173    | 210.00         
174    | 210.00         
175    | 210.00         
176    | 210.00         
177    | 210.00         
178    | 210.00         
179    | 210.00         
180    | 210.00         
181    | 210.00         
182    | 210.00         
183    | 210.00         
184    | 210.00         
185    | 210.00         
186    | 210.00         
187    | 210.00         
188    | 210.00         
189    | 210.00         
190    | 210.00         
191    | 210.00         
192    | 210.00         
193    | 210.00         
194    | 210.00         
195    | 210.00         
196    | 210.00         
197    | 210.00         
198    | 210.00         
199    | 210.00         
200    | 210.00         
201    | 210.00         
202    | 210.00         
203    | 210.00         
204    | 210.00         
205    | 210.00         
206    | 210.00         
207    | 210.00         
208    | 210.00         
209    | 210.00         
210    | 210.00         
211    | 210.00         
212    | 210.00         
213    | 210.00         
214    | 210.00         
215    | 210.00         
216    | 210.00         
217    | 210.00         
218    | 210.00         
219    | 210.00         
220    | 210.00         
221    | 210.00         
222    | 210.00         
223    | 210.00         
224    | 210.00         
225    | 210.00         
226    | 210.00         
227    | 210.00         
228    | 210.00         
229    | 210.00         
230    | 210.00         
231    | 210.00         
232    | 210.00         
233    | 210.00         
234    | 210.00         
235    | 210.00         
236    | 210.00         
237    | 210.00         
238    | 210.00         
239    | 210.00         
240    | 210.00         
241    | 210.00         
242    | 210.00         
243    | 210.00         
244    | 210.00         
245    | 210.00         
246    | 210.00         
247    | 210.00         
248    | 210.00         
249    | 210.00         
250    | 210.00         
251    | 210.00         
252    | 210.00         
253    | 210.00         
254    | 210.00         
255    | 210.00         
256    | 210.00         
257    | 210.00         
258    | 210.00         
259    | 210.00         
260    | 210.00         
261    | 210.00         
262    | 210.00         
263    | 210.00         
264    | 210.00         
265    | 210.00         
266    | 210.00         
267    | 210.00         
268    | 210.00         
269    | 210.00         
270    | 210.00         
271    | 210.00         
272    | 210.00         
273    | 210.00         
274    | 210.00         
275    | 210.00         
276    | 210.00         
277    | 210.00         
278    | 210.00         
279    | 210.00         
280    | 210.00         
281    | 210.00         
282    | 210.00         
283    | 210.00         
284    | 210.00         
285    | 210.00         
286    | 210.00         
287    | 210.00         
288    | 210.00         
289    | 210.00         
290    | 210.00         
291    | 210.00         
292    | 210.00         
293    | 210.00         
294    | 210.00         
295    | 210.00         
296    | 210.00         
297    | 210.00         
298    | 210.00         
299    | 210.00         
300    | 210.00         
301    | 210.00         
302    | 210.00         
303    | 210.00         
304    | 210.00         
305    | 210.00         
306    | 210.00         
307    | 210.00         
308    | 210.00         
309    | 210.00         
310    | 210.00         
311    | 210.00         
312    | 210.00         
313    | 210.00         
314    | 210.00         
315    | 210.00         
316    | 210.00         
317    | 210.00         
318    | 210.00         
319    | 210.00         
320    | 210.00         
321    | 210.00         
322    | 210.00         
323    | 210.00         
324    | 210.00         
325    | 210.00         
326    | 210.00         
327    | 210.00         
328    | 210.00         
329    | 210.00         
330    | 210.00         
331    | 210.00         
332    | 210.00         
333    | 210.00         
334    | 210.00         
335    | 210.00         
336    | 210.00         
337    | 210.00         
338    | 210.00         
339    | 210.00         
340    | 210.00         
341    | 210.00         
342    | 210.00         
343    | 210.00         
344    | 210.00         
345    | 210.00         
346    | 210.00         
347    | 210.00         
348    | 210.00         
349    | 210.00         
350    | 210.00         
351    | 210.00         
352    | 210.00         
353    | 210.00         
354    | 210.00         
355    | 210.00         
356    | 210.00         
357    | 210.00         
358    | 210.00         
359    | 210.00         
360    | 210.00         
361    | 352.91         
362    | 347.57         
363    | 350.32         
364    | 347.22         
365    | 348.90         
366    | 348.77         
367    | 350.45         
368    | 348.74         
369    | 347.07         
370    | 350.79         
371    | 348.44         
372    | 353.30         
373    | 348.82         
374    | 347.44         
375    | 348.32         
376    | 350.26         
377    | 349.00         
378    | 349.87         
379    | 348.37         
380    | 346.48         
381    | 348.20         
382    | 353.13         
383    | 351.75         
384    | 349.78         
385    | 349.50         
386    | 350.71         
387    | 350.95         
388    | 347.14         
389    | 349.44         
390    | 351.95         
391    | 2353.22        
392    | 2351.75        
393    | 2352.65        
394    | 2351.35        
395    | 2349.48        
396    | 353.40         
397    | 347.29         
398    | 352.03         
399    | 349.33         
400    | 352.68         
401    | 347.53         
402    | 348.82         
403    | 350.23         
404    | 347.60         
405    | 351.34         
406    | 348.07         
407    | 346.96         
408    | 352.77         
409    | 348.68         
410    | 349.95         
411    | 348.89         
412    | 351.52         
413    | 350.52         
414    | 348.36         
415    | 353.14         
416    | 348.15         
417    | 352.21         
418    | 346.61         
419    | 347.93         
420    | 347.46         
421    | 748.88         
422    | 746.57         
423    | 753.36         
424    | 748.40         
425    | 746.51         
426    | 753.41         
427    | 750.00         
428    | 747.89         
429    | 751.22         
430    | 748.78         
431    | 750.16         
432    | 750.80         
433    | 749.10         
434    | 748.81         
435    | 751.08         
436    | 747.29         
437    | 747.71         
438    | 753.50         
439    | 750.49         
440    | 749.87         
441    | 753.60         
442    | 752.45         
443    | 749.96         
444    | 752.50         
445    | 747.33         
446    | 746.70         
447    | 752.48         
448    | 752.18         
449    | 749.90         
450    | 753.43         
451    | 753.13         
452    | 747.42         
453    | 750.12         
454    | 748.69         
455    | 752.98         
456    | 752.75         
457    | 749.64         
458    | 753.45         
459    | 748.90         
460    | 750.76         
461    | 747.30         
462    | 747.80         
463    | 751.85         
464    | 750.62         
465    | 752.12         
466    | 752.23         
467    | 750.37         
468    | 749.60         
469    | 751.27         
470    | 749.02         
471    | 753.16         
472    | 746.56         
473    | 750.77         
474    | 751.15         
475    | 749.65         
476    | 748.20         
477    | 748.92         
478    | 748.26         
479    | 747.10         
480    | 747.21         
481    | 2753.08        
482    | 2748.02        
483    | 2752.90        
484    | 2748.82        
485    | 2752.50        
486    | 747.00         
487    | 749.81         
488    | 747.39         
489    | 747.86         
490    | 750.33         
491    | 750.27         
492    | 752.39         
493    | 749.22         
494    | 748.22         
495    | 752.99         
496    | 749.70         
497    | 748.12         
498    | 750.01         
499    | 752.19         
500    | 753.41         
501    | 751.80         
502    | 746.64         
503    | 747.77         
504    | 752.68         
505    | 748.62         
506    | 750.88         
507    | 750.40         
508    | 753.24         
509    | 752.14         
510    | 746.75         
511    | 750.15         
512    | 748.77         
513    | 753.55         
514    | 748.95         
515    | 753.15         
516    | 750.40         
517    | 752.99         
518    | 752.66         
519    | 750.68         
520    | 748.06         
521    | 748.47         
522    | 751.27         
523    | 747.25         
524    | 751.39         
525    | 748.23         
526    | 749.88         
527    | 748.15         
528    | 748.19         
529    | 750.45         
530    | 749.99         
531    | 751.22         
532    | 746.79         
533    | 750.16         
534    | 750.71         
535    | 752.32         
536    | 751.32         
537    | 747.66         
538    | 753.07         
539    | 748.70         
540    | 750.23         
541    | 577.65         
542    | 578.64         
543    | 578.94         
544    | 576.95         
545    | 583.51         
546    | 580.49         
547    | 579.43         
548    | 576.69         
549    | 580.40         
550    | 579.19         
551    | 576.75         
552    | 577.18         
553    | 581.25         
554    | 577.88         
555    | 579.48         
556    | 580.90         
557    | 582.86         
558    | 578.82         
559    | 582.98         
560    | 580.60         
561    | 582.38         
562    | 579.37         
563    | 583.01         
564    | 582.53         
565    | 577.00         
566    | 580.55         
567    | 576.92         
568    | 579.16         
569    | 579.08         
570    | 576.76         
571    | 580.97         
572    | 577.97         
573    | 578.06         
574    | 581.11         
575    | 580.57         
576    | 582.39         
577    | 576.58         
578    | 578.32         
579    | 576.84         
580    | 576.93         
581    | 579.20         
582    | 577.73         
583    | 577.03         
584    | 580.86         
585    | 578.82         
586    | 583.46         
587    | 582.17         
588    | 579.70         
589    | 582.27         
590    | 579.68         
591    | 576.92         
592    | 582.06         
593    | 576.87         
594    | 577.93         
595    | 578.73         
596    | 581.48         
597    | 580.40         
598    | 580.95         
599    | 581.70         
600    | 579.87         
601    | 2077.43        
602    | 2079.13        
603    | 2080.83        
604    | 2077.25        
605    | 2077.22        
606    | 2079.51        
607    | 2080.28        
608    | 2081.27        
609    | 2082.77        
610    | 2077.18        
611    | 2080.48        
612    | 2083.26        
613    | 2081.91        
614    | 2083.39        
615    | 2081.15        
616    | 2076.90        
617    | 2082.40        
618    | 2078.12        
619    | 2078.73        
620    | 2077.12        
621    | 2082.51        
622    | 2081.46        
623    | 2078.50        
624    | 2081.68        
625    | 2077.78        
626    | 2077.53        
627    | 2077.58        
628    | 2079.05        
629    | 2079.64        
630    | 2079.38        
631    | 2081.24        
632    | 2077.85        
633    | 2078.40        
634    | 2078.94        
635    | 2078.53        
636    | 2080.99        
637    | 2080.93        
638    | 2081.95        
639    | 2076.64        
640    | 2080.25        
641    | 2079.87        
642    | 2080.25        
643    | 2079.73        
644    | 2077.58        
645    | 2080.97        
646    | 2079.23        
647    | 2081.75        
648    | 2080.64        
649    | 2079.15        
650    | 2076.62        
651    | 2079.69        
652    | 2078.09        
653    | 2080.28        
654    | 2079.17        
655    | 2082.39        
656    | 2077.07        
657    | 2077.24        
658    | 2077.55        
659    | 2081.11        
660    | 2083.11        
661    | 583.25         
662    | 581.72         
663    | 583.23         
664    | 578.78         
665    | 581.65         
666    | 578.78         
667    | 576.97         
668    | 581.89         
669    | 577.60         
670    | 579.88         
671    | 580.17         
672    | 582.07         
673    | 578.50         
674    | 581.03         
675    | 580.62         
676    | 578.94         
677    | 581.07         
678    | 582.23         
679    | 583.53         
680    | 578.82         
681    | 577.44         
682    | 583.39         
683    | 578.17         
684    | 580.25         
685    | 583.27         
686    | 579.68         
687    | 580.20         
688    | 580.82         
689    | 582.76         
690    | 582.52         
691    | 577.63         
692    | 576.40         
693    | 580.57         
694    | 582.86         
695    | 576.79         
696    | 580.60         
697    | 578.09         
698    | 581.47         
699    | 580.49         
700    | 579.07         
701    | 578.91         
702    | 582.07         
703    | 580.32         
704    | 581.45         
705    | 579.17         
706    | 578.49         
707    | 581.15         
708    | 579.84         
709    | 578.23         
710    | 577.33         
711    | 581.08         
712    | 583.13         
713    | 580.36         
714    | 582.72         
715    | 577.99         
716    | 576.45         
717    | 577.85         
718    | 581.33         
719    | 581.29         
720    | 582.80         
721    | 2731.18        
722    | 2732.79        
723    | 2729.30        
724    | 2730.85        
725    | 2732.65        
726    | 2727.69        
727    | 2732.20        
728    | 2731.66        
729    | 2727.76        
730    | 2730.90        
731    | 3727.74        
732    | 3733.36        
733    | 3733.43        
734    | 3726.63        
735    | 3731.63        
736    | 3731.00        
737    | 3731.10        
738    | 3727.06        
739    | 3731.29        
740    | 3733.05        
741    | 2732.12        
742    | 2729.10        
743    | 2730.39        
744    | 2728.70        
745    | 2729.34        
746    | 2731.14        
747    | 2726.75        
748    | 2732.23        
749    | 2730.49        
750    | 2728.90        
751    | 2731.86        
752    | 2728.95        
753    | 2733.06        
754    | 2732.58        
755    | 2727.79        
756    | 2730.25        
757    | 2731.19        
758    | 2731.37        
759    | 2730.08        
760    | 2730.21        
761    | 2727.82        
762    | 2727.54        
763    | 2726.94        
764    | 2728.82        
765    | 2732.08        
766    | 2730.73        
767    | 2733.26        
768    | 2727.60        
769    | 2732.27        
770    | 2733.45        
771    | 2730.27        
772    | 2732.43        
773    | 2729.66        
774    | 2731.45        
775    | 2731.66        
776    | 2726.83        
777    | 2730.16        
778    | 2731.06        
779    | 2732.31        
780    | 2730.47        
781    | 700.79         
782    | 702.68         
783    | 699.63         
784    | 701.54         
785    | 702.94         
786    | 700.22         
787    | 699.10         
788    | 700.14         
789    | 699.19         
790    | 703.53         
791    | 702.46         
792    | 702.95         
793    | 699.91         
794    | 702.64         
795    | 699.64         
796    | 700.44         
797    | 699.10         
798    | 701.72         
799    | 697.57         
800    | 698.20         
801    | 703.06         
802    | 702.01         
803    | 696.78         
804    | 698.04         
805    | 703.35         
806    | 699.78         
807    | 698.49         
808    | 699.60         
809    | 701.71         
810    | 702.33         
811    | 702.09         
812    | 700.56         
813    | 702.76         
814    | 698.90         
815    | 696.55         
816    | 700.21         
817    | 698.84         
818    | 699.05         
819    | 700.11         
820    | 696.71         
821    | 701.46         
822    | 699.93         
823    | 700.85         
824    | 699.30         
825    | 696.96         
826    | 697.74         
827    | 697.98         
828    | 703.18         
829    | 698.92         
830    | 699.25         
831    | 701.54         
832    | 700.97         
833    | 699.96         
834    | 700.81         
835    | 699.88         
836    | 698.18         
837    | 700.20         
838    | 697.25         
839    | 698.87         
840    | 700.91         
841    | 696.87         
842    | 698.83         
843    | 701.15         
844    | 700.73         
845    | 703.41         
846    | 699.96         
847    | 697.81         
848    | 701.52         
849    | 699.54         
850    | 702.91         
851    | 700.74         
852    | 700.44         
853    | 701.11         
854    | 702.05         
855    | 696.83         
856    | 700.48         
857    | 698.64         
858    | 702.51         
859    | 697.58         
860    | 702.01         
861    | 702.48         
862    | 701.54         
863    | 701.42         
864    | 702.84         
865    | 698.96         
866    | 703.13         
867    | 703.01         
868    | 698.52         
869    | 701.89         
870    | 697.92         
871    | 697.15         
872    | 702.00         
873    | 700.46         
874    | 703.48         
875    | 697.19         
876    | 696.69         
877    | 698.92         
878    | 701.80         
879    | 698.30         
880    | 696.46         
881    | 699.73         
882    | 702.12         
883    | 699.24         
884    | 697.85         
885    | 701.79         
886    | 700.92         
887    | 702.46         
888    | 701.79         
889    | 698.63         
890    | 701.49         
891    | 701.64         
892    | 701.89         
893    | 702.75         
894    | 698.05         
895    | 698.86         
896    | 702.92         
897    | 703.15         
898    | 700.27         
899    | 703.19         
900    | 702.93         
901    | 703.42         
902    | 700.67         
903    | 700.62         
904    | 701.09         
905    | 698.90         
906    | 701.72         
907    | 702.60         
908    | 699.20         
909    | 702.14         
910    | 700.23         
911    | 699.85         
912    | 698.07         
913    | 697.51         
914    | 701.81         
915    | 697.18         
916    | 700.41         
917    | 696.67         
918    | 702.81         
919    | 700.90         
920    | 697.88         
921    | 699.40         
922    | 701.35         
923    | 699.06         
924    | 702.06         
925    | 701.42         
926    | 698.97         
927    | 703.12         
928    | 699.88         
929    | 701.59         
930    | 702.46         
931    | 699.95         
932    | 697.56         
933    | 700.74         
934    | 702.82         
935    | 701.20         
936    | 701.97         
937    | 696.85         
938    | 697.84         
939    | 701.69         
940    | 702.63         
941    | 699.24         
942    | 703.30         
943    | 698.22         
944    | 697.33         
945    | 703.32         
946    | 698.36         
947    | 702.95         
948    | 701.13         
949    | 700.86         
950    | 700.46         
951    | 700.89         
952    | 701.59         
953    | 698.44         
954    | 700.79         
955    | 701.23         
956    | 701.45         
957    | 699.73         
958    | 699.23         
959    | 702.62         
960    | 701.24         
961    | 698.99         
962    | 702.56         
963    | 701.74         
964    | 702.79         
965    | 702.31         
966    | 700.63         
967    | 697.37         
968    | 698.72         
969    | 696.99         
970    | 702.81         
971    | 702.06         
972    | 701.57         
973    | 703.55         
974    | 697.01         
975    | 701.75         
976    | 698.44         
977    | 701.91         
978    | 699.08         
979    | 698.62         
980    | 701.24         
981    | 697.70         
982    | 696.81         
983    | 699.87         
984    | 696.56         
985    | 702.44         
986    | 702.36         
987    | 702.17         
988    | 696.88         
989    | 702.83         
990    | 698.05         
991    | 698.47         
992    | 700.06         
993    | 696.60         
994    | 697.40         
995    | 703.39         
996    | 697.94         
997    | 701.27         
998    | 698.80         
999    | 703.02         
1000   | 697.42         
1001   | 699.91         
1002   | 699.70         
1003   | 703.02         
1004   | 698.61         
1005   | 698.83         
1006   | 698.77         
1007   | 698.65         
1008   | 696.67         
1009   | 700.91         
1010   | 697.34         
1011   | 698.60         
1012   | 698.44         
1013   | 703.12         
1014   | 701.96         
1015   | 702.23         
1016   | 697.70         
1017   | 703.49         
1018   | 703.05         
1019   | 699.67         
1020   | 701.29         
1021   | 849.19         
1022   | 851.86         
1023   | 851.18         
1024   | 851.37         
1025   | 850.45         
1026   | 849.68         
1027   | 848.91         
1028   | 847.83         
1029   | 848.10         
1030   | 850.70         
1031   | 848.98         
1032   | 849.04         
1033   | 852.50         
1034   | 852.47         
1035   | 853.15         
1036   | 849.78         
1037   | 853.25         
1038   | 849.39         
1039   | 851.18         
1040   | 851.96         
1041   | 851.95         
1042   | 847.35         
1043   | 852.14         
1044   | 853.16         
1045   | 850.15         
1046   | 848.46         
1047   | 852.54         
1048   | 847.09         
1049   | 853.33         
1050   | 851.75         
1051   | 851.90         
1052   | 850.88         
1053   | 849.90         
1054   | 847.66         
1055   | 846.52         
1056   | 850.37         
1057   | 849.91         
1058   | 846.74         
1059   | 850.29         
1060   | 848.88         
1061   | 852.98         
1062   | 849.56         
1063   | 851.82         
1064   | 851.15         
1065   | 848.56         
1066   | 850.02         
1067   | 850.94         
1068   | 846.40         
1069   | 850.52         
1070   | 846.72         
1071   | 846.93         
1072   | 847.35         
1073   | 853.10         
1074   | 849.97         
1075   | 849.15         
1076   | 850.33         
1077   | 849.86         
1078   | 846.91         
1079   | 849.11         
1080   | 847.20         
1081   | 853.43         
1082   | 849.56         
1083   | 846.56         
1084   | 848.77         
1085   | 846.99         
1086   | 852.00         
1087   | 847.29         
1088   | 853.38         
1089   | 850.64         
1090   | 846.52         
1091   | 852.26         
1092   | 850.17         
1093   | 849.43         
1094   | 848.22         
1095   | 849.03         
1096   | 847.17         
1097   | 851.23         
1098   | 846.91         
1099   | 848.24         
1100   | 853.31         
1101   | 849.02         
1102   | 852.72         
1103   | 849.77         
1104   | 846.69         
1105   | 853.18         
1106   | 849.55         
1107   | 852.51         
1108   | 853.16         
1109   | 850.69         
1110   | 851.88         
1111   | 3351.08        
1112   | 3349.21        
1113   | 3351.32        
1114   | 3352.64        
1115   | 3349.63        
1116   | 3350.11        
1117   | 3347.14        
1118   | 3347.13        
1119   | 3347.57        
1120   | 3348.25        
1121   | 3346.95        
1122   | 3353.09        
1123   | 3350.77        
1124   | 3353.50        
1125   | 3346.78        
1126   | 3352.68        
1127   | 3349.09        
1128   | 3350.85        
1129   | 3346.49        
1130   | 3347.59        
1131   | 3352.29        
1132   | 3346.46        
1133   | 3350.51        
1134   | 3349.42        
1135   | 3348.48        
1136   | 3351.56        
1137   | 3348.45        
1138   | 3346.99        
1139   | 3352.80        
1140   | 3353.43        
1141   | 850.43         
1142   | 853.49         
1143   | 847.61         
1144   | 851.78         
1145   | 851.62         
1146   | 848.17         
1147   | 847.29         
1148   | 846.68         
1149   | 848.11         
1150   | 850.88         
1151   | 852.96         
1152   | 850.29         
1153   | 847.96         
1154   | 853.59         
1155   | 853.37         
1156   | 849.73         
1157   | 849.35         
1158   | 847.36         
1159   | 848.18         
1160   | 849.76         
1161   | 852.53         
1162   | 852.67         
1163   | 851.43         
1164   | 853.36         
1165   | 851.58         
1166   | 847.20         
1167   | 850.63         
1168   | 846.62         
1169   | 849.07         
1170   | 851.27         
1171   | 850.11         
1172   | 847.54         
1173   | 850.05         
1174   | 848.30         
1175   | 849.87         
1176   | 846.58         
1177   | 852.48         
1178   | 852.09         
1179   | 853.14         
1180   | 850.07         
1181   | 851.91         
1182   | 848.02         
1183   | 850.01         
1184   | 846.81         
1185   | 852.76         
1186   | 848.69         
1187   | 849.06         
1188   | 847.64         
1189   | 847.93         
1190   | 852.54         
1191   | 851.70         
1192   | 851.47         
1193   | 852.28         
1194   | 846.45         
1195   | 848.07         
1196   | 852.47         
1197   | 847.58         
1198   | 852.74         
1199   | 851.76         
1200   | 851.67         
1201   | 847.16         
1202   | 853.23         
1203   | 851.93         
1204   | 847.76         
1205   | 852.62         
1206   | 848.07         
1207   | 849.41         
1208   | 848.66         
1209   | 852.82         
1210   | 849.71         
1211   | 850.03         
1212   | 851.43         
1213   | 852.08         
1214   | 846.69         
1215   | 852.35         
1216   | 849.50         
1217   | 851.47         
1218   | 851.14         
1219   | 848.94         
1220   | 846.60         
1221   | 850.66         
1222   | 853.14         
1223   | 849.41         
1224   | 853.59         
1225   | 850.78         
1226   | 853.46         
1227   | 850.85         
1228   | 849.55         
1229   | 849.98         
1230   | 847.64         
1231   | 853.01         
1232   | 846.45         
1233   | 853.29         
1234   | 852.15         
1235   | 851.86         
1236   | 851.19         
1237   | 851.69         
1238   | 852.47         
1239   | 848.64         
1240   | 853.00         
1241   | 848.27         
1242   | 846.82         
1243   | 851.73         
1244   | 846.90         
1245   | 852.31         
1246   | 850.89         
1247   | 851.15         
1248   | 847.97         
1249   | 853.41         
1250   | 850.64         
1251   | 850.71         
1252   | 846.64         
1253   | 850.00         
1254   | 849.69         
1255   | 847.96         
1256   | 846.66         
1257   | 846.97         
1258   | 853.50         
1259   | 846.69         
1260   | 848.43         
1261   | 450.37         
1262   | 451.10         
1263   | 449.79         
1264   | 452.38         
1265   | 447.93         
1266   | 446.76         
1267   | 447.99         
1268   | 452.77         
1269   | 447.59         
1270   | 447.35         
1271   | 449.36         
1272   | 451.63         
1273   | 446.42         
1274   | 452.47         
1275   | 449.41         
1276   | 449.04         
1277   | 449.41         
1278   | 446.48         
1279   | 452.40         
1280   | 446.65         
1281   | 450.73         
1282   | 450.96         
1283   | 446.69         
1284   | 446.70         
1285   | 447.02         
1286   | 446.76         
1287   | 453.15         
1288   | 452.79         
1289   | 448.62         
1290   | 447.80         
1291   | 450.59         
1292   | 450.74         
1293   | 447.39         
1294   | 447.73         
1295   | 452.03         
1296   | 449.93         
1297   | 448.18         
1298   | 452.41         
1299   | 450.86         
1300   | 449.10         
1301   | 448.29         
1302   | 448.92         
1303   | 451.01         
1304   | 451.99         
1305   | 446.41         
1306   | 452.72         
1307   | 451.37         
1308   | 450.93         
1309   | 446.97         
1310   | 451.11         
1311   | 452.37         
1312   | 449.41         
1313   | 450.78         
1314   | 453.43         
1315   | 450.40         
1316   | 450.60         
1317   | 451.02         
1318   | 447.07         
1319   | 452.08         
1320   | 452.21         
1321   | 210.00         
1322   | 210.00         
1323   | 210.00         
1324   | 210.00         
1325   | 210.00         
1326   | 210.00         
1327   | 210.00         
1328   | 210.00         
1329   | 210.00         
1330   | 210.00         
1331   | 210.00         
1332   | 210.00         
1333   | 210.00         
1334   | 210.00         
1335   | 210.00         
1336   | 210.00         
1337   | 210.00         
1338   | 210.00         
1339   | 210.00         
1340   | 210.00         
1341   | 210.00         
1342   | 210.00         
1343   | 210.00         
1344   | 210.00         
1345   | 210.00         
1346   | 210.00         
1347   | 210.00         
1348   | 210.00         
1349   | 210.00         
1350   | 210.00         
1351   | 210.00         
1352   | 210.00         
1353   | 210.00         
1354   | 210.00         
1355   | 210.00         
1356   | 210.00         
1357   | 210.00         
1358   | 210.00         
1359   | 210.00         
1360   | 210.00         
1361   | 210.00         
1362   | 210.00         
1363   | 210.00         
1364   | 210.00         
1365   | 210.00         
1366   | 210.00         
1367   | 210.00         
1368   | 210.00         
1369   | 210.00         
1370   | 210.00         
1371   | 210.00         
1372   | 210.00         
1373   | 210.00         
1374   | 210.00         
1375   | 210.00         
1376   | 210.00         
1377   | 210.00         
1378   | 210.00         
1379   | 210.00         
1380   | 210.00         
1381   | 210.00         
1382   | 210.00         
1383   | 210.00         
1384   | 210.00         
1385   | 210.00         
1386   | 210.00         
1387   | 210.00         
1388   | 210.00         
1389   | 210.00         
1390   | 210.00         
1391   | 210.00         
1392   | 210.00         
1393   | 210.00         
1394   | 210.00         
1395   | 210.00         
1396   | 210.00         
1397   | 210.00         
1398   | 210.00         
1399   | 210.00         
1400   | 210.00         
1401   | 210.00         
1402   | 210.00         
1403   | 210.00         
1404   | 210.00         
1405   | 210.00         
1406   | 210.00         
1407   | 210.00         
1408   | 210.00         
1409   | 210.00         
1410   | 210.00         
1411   | 210.00         
1412   | 210.00         
1413   | 210.00         
1414   | 210.00         
1415   | 210.00         
1416   | 210.00         
1417   | 210.00         
1418   | 210.00         
1419   | 210.00         
1420   | 210.00         
1421   | 210.00         
1422   | 210.00         
1423   | 210.00         
1424   | 210.00         
1425   | 210.00         
1426   | 210.00         
1427   | 210.00         
1428   | 210.00         
1429   | 210.00         
1430   | 210.00         
1431   | 210.00         
1432   | 210.00         
1433   | 210.00         
1434   | 210.00         
1435   | 210.00         
1436   | 210.00         
1437   | 210.00         
1438   | 210.00         
1439   | 210.00         
1440   | 210.00         
