Minute | Consumption (W) - SCENARIO: Grandchildren Visit
---------------------------------------------
1      | 210.00         
2      | 210.00         
3      | 210.00         
4      | 210.00         
5      | 210.00         
6      | 210.00         
7      | 210.00         
8      | 210.00         
9      | 210.00         
10     | 210.00         
11     | 210.00         
12     | 210.00         
13     | 210.00         
14     | 210.00         
15     | 210.00         
16     | 210.00         
17     | 210.00         
18     | 210.00         
19     | 210.00         
20     | 210.00         
21     | 210.00         
22     | 210.00         
23     | 210.00         
24     | 210.00         
25     | 210.00         
26     | 210.00         
27     | 210.00         
28     | 210.00         
29     | 210.00         
30     | 210.00         
31     | 210.00         
32     | 210.00         
33     | 210.00         
34     | 210.00         
35     | 210.00         
36     | 210.00         
37     | 210.00         
38     | 210.00         
39     | 210.00         
40     | 210.00         
41     | 210.00         
42     | 210.00         
43     | 210.00         
44     | 210.00         
45     | 210.00         
46     | 210.00         
47     | 210.00         
48     | 210.00         
49     | 210.00         
50     | 210.00         
51     | 210.00         
52     | 210.00         
53     | 210.00         
54     | 210.00         
55     | 210.00         
56     | 210.00         
57     | 210.00         
58     | 210.00         
59     | 210.00         
60     | 210.00         
61     | 210.00         
62     | 210.00         
63     | 210.00         
64     | 210.00         
65     | 210.00         
66     | 210.00         
67     | 210.00         
68     | 210.00         
69     | 210.00         
70     | 210.00         
71     | 210.00         
72     | 210.00         
73     | 210.00         
74     | 210.00         
75     | 210.00         
76     | 210.00         
77     | 210.00         
78     | 210.00         
79     | 210.00         
80     | 210.00         
81     | 210.00         
82     | 210.00         
83     | 210.00         
84     | 210.00         
85     | 210.00         
86     | 210.00         
87     | 210.00         
88     | 210.00         
89     | 210.00         
90     | 210.00         
91     | 210.00         
92     | 210.00         
93     | 210.00         
94     | 210.00         
95     | 210.00         
96     | 210.00         
97     | 210.00         
98     | 210.00         
99     | 210.00         
100    | 210.00         
101    | 210.00         
102    | 210.00         
103    | 210.00         
104    | 210.00         
105    | 210.00         
106    | 210.00         
107    | 210.00         
108    | 210.00         
109    | 210.00         
110    | 210.00         
111    | 210.00         
112    | 210.00         
113    | 210.00         
114    | 210.00         
115    | 210.00         
116    | 210.00         
117    | 210.00         
118    | 210.00         
119    | 210.00         
120    | 210.00         
121    | 210.00         
122    | 210.00         
123    | 210.00         
124    | 210.00         
125    | 210.00         
126    | 210.00         
127    | 210.00         
128    | 210.00         
129    | 210.00         
130    | 210.00         
131    | 210.00         
132    | 210.00         
133    | 210.00         
134    | 210.00         
135    | 210.00         
136    | 210.00         
137    | 210.00         
138    | 210.00         
139    | 210.00         
140    | 210.00         
141    | 210.00         
142    | 210.00         
143    | 210.00         
144    | 210.00         
145    | 210.00         
146    | 210.00         
147    | 210.00         
148    | 210.00         
149    | 210.00         
150    | 210.00         
151    | 210.00         
152    | 210.00         
153    | 210.00         
154    | 210.00         
155    | 210.00         
156    | 210.00         
157    | 210.00         
158    | 210.00         
159    | 210.00         
160    | 210.00         
161    | 210.00         
162    | 210.00         
163    | 210.00         
164    | 210.00         
165    | 210.00         
166    | 210.00         
167    | 210.00         
168    | 210.00         
169    | 210.00         
170    | 210.00         
171    | 210.00         
172    | 210.00         
173    | 210.00         
174    | 210.00         
175    | 210.00         
176    | 210.00         
177    | 210.00         
178    | 210.00         
179    | 210.00         
180    | 210.00         
181    | 210.00         
182    | 210.00         
183    | 210.00         
184    | 210.00         
185    | 210.00         
186    | 210.00         
187    | 210.00         
188    | 210.00         
189    | 210.00         
190    | 210.00         
191    | 210.00         
192    | 210.00         
193    | 210.00         
194    | 210.00         
195    | 210.00         
196    | 210.00         
197    | 210.00         
198    | 210.00         
199    | 210.00         
200    | 210.00         
201    | 210.00         
202    | 210.00         
203    | 210.00         
204    | 210.00         
205    | 210.00         
206    | 210.00         
207    | 210.00         
208    | 210.00         
209    | 210.00         
210    | 210.00         
211    | 210.00         
212    | 210.00         
213    | 210.00         
214    | 210.00         
215    | 210.00         
216    | 210.00         
217    | 210.00         
218    | 210.00         
219    | 210.00         
220    | 210.00         
221    | 210.00         
222    | 210.00         
223    | 210.00         
224    | 210.00         
225    | 210.00         
226    | 210.00         
227    | 210.00         
228    | 210.00         
229    | 210.00         
230    | 210.00         
231    | 210.00         
232    | 210.00         
233    | 210.00         
234    | 210.00         
235    | 210.00         
236    | 210.00         
237    | 210.00         
238    | 210.00         
239    | 210.00         
240    | 210.00         
241    | 210.00         
242    | 210.00         
243    | 210.00         
244    | 210.00         
245    | 210.00         
246    | 210.00         
247    | 210.00         
248    | 210.00         
249    | 210.00         
250    | 210.00         
251    | 210.00         
252    | 210.00         
253    | 210.00         
254    | 210.00         
255    | 210.00         
256    | 210.00         
257    | 210.00         
258    | 210.00         
259    | 210.00         
260    | 210.00         
261    | 210.00         
262    | 210.00         
263    | 210.00         
264    | 210.00         
265    | 210.00         
266    | 210.00         
267    | 210.00         
268    | 210.00         
269    | 210.00         
270    | 210.00         
271    | 210.00         
272    | 210.00         
273    | 210.00         
274    | 210.00         
275    | 210.00         
276    | 210.00         
277    | 210.00         
278    | 210.00         
279    | 210.00         
280    | 210.00         
281    | 210.00         
282    | 210.00         
283    | 210.00         
284    | 210.00         
285    | 210.00         
286    | 210.00         
287    | 210.00         
288    | 210.00         
289    | 210.00         
290    | 210.00         
291    | 210.00         
292    | 210.00         
293    | 210.00         
294    | 210.00         
295    | 210.00         
296    | 210.00         
297    | 210.00         
298    | 210.00         
299    | 210.00         
300    | 210.00         
301    | 210.00         
302    | 210.00         
303    | 210.00         
304    | 210.00         
305    | 210.00         
306    | 210.00         
307    | 210.00         
308    | 210.00         
309    | 210.00         
310    | 210.00         
311    | 210.00         
312    | 210.00         
313    | 210.00         
314    | 210.00         
315    | 210.00         
316    | 210.00         
317    | 210.00         
318    | 210.00         
319    | 210.00         
320    | 210.00         
321    | 210.00         
322    | 210.00         
323    | 210.00         
324    | 210.00         
325    | 210.00         
326    | 210.00         
327    | 210.00         
328    | 210.00         
329    | 210.00         
330    | 210.00         
331    | 210.00         
332    | 210.00         
333    | 210.00         
334    | 210.00         
335    | 210.00         
336    | 210.00         
337    | 210.00         
338    | 210.00         
339    | 210.00         
340    | 210.00         
341    | 210.00         
342    | 210.00         
343    | 210.00         
344    | 210.00         
345    | 210.00         
346    | 210.00         
347    | 210.00         
348    | 210.00         
349    | 210.00         
350    | 210.00         
351    | 210.00         
352    | 210.00         
353    | 210.00         
354    | 210.00         
355    | 210.00         
356    | 210.00         
357    | 210.00         
358    | 210.00         
359    | 210.00         
360    | 210.00         
361    | 347.57         
362    | 346.50         
363    | 348.41         
364    | 349.95         
365    | 351.44         
366    | 347.17         
367    | 351.82         
368    | 347.27         
369    | 350.91         
370    | 347.93         
371    | 352.83         
372    | 350.05         
373    | 351.93         
374    | 350.43         
375    | 352.12         
376    | 346.41         
377    | 352.04         
378    | 347.83         
379    | 349.05         
380    | 346.72         
381    | 349.07         
382    | 351.38         
383    | 347.60         
384    | 351.40         
385    | 350.71         
386    | 346.41         
387    | 347.08         
388    | 348.23         
389    | 348.83         
390    | 349.57         
391    | 2347.12        
392    | 2349.41        
393    | 2349.80        
394    | 2350.19        
395    | 2349.25        
396    | 346.75         
397    | 351.99         
398    | 349.56         
399    | 349.84         
400    | 348.83         
401    | 347.00         
402    | 350.11         
403    | 353.53         
404    | 352.78         
405    | 351.19         
406    | 347.05         
407    | 351.81         
408    | 349.73         
409    | 351.33         
410    | 352.35         
411    | 350.36         
412    | 347.55         
413    | 350.63         
414    | 350.39         
415    | 352.59         
416    | 352.59         
417    | 351.57         
418    | 350.66         
419    | 348.84         
420    | 350.32         
421    | 748.88         
422    | 752.85         
423    | 750.61         
424    | 753.49         
425    | 750.03         
426    | 746.88         
427    | 751.38         
428    | 750.46         
429    | 752.70         
430    | 751.95         
431    | 751.98         
432    | 753.01         
433    | 746.55         
434    | 749.96         
435    | 747.51         
436    | 748.17         
437    | 752.68         
438    | 751.91         
439    | 751.58         
440    | 749.02         
441    | 750.06         
442    | 751.59         
443    | 750.87         
444    | 747.80         
445    | 752.77         
446    | 750.24         
447    | 751.39         
448    | 746.76         
449    | 749.37         
450    | 750.04         
451    | 748.57         
452    | 749.23         
453    | 749.58         
454    | 746.99         
455    | 746.79         
456    | 748.13         
457    | 751.62         
458    | 750.24         
459    | 752.02         
460    | 752.25         
461    | 750.79         
462    | 751.85         
463    | 752.10         
464    | 747.61         
465    | 748.37         
466    | 753.31         
467    | 750.20         
468    | 747.33         
469    | 752.13         
470    | 750.18         
471    | 750.01         
472    | 749.94         
473    | 751.23         
474    | 747.49         
475    | 753.12         
476    | 750.51         
477    | 747.59         
478    | 750.76         
479    | 752.33         
480    | 751.40         
481    | 2749.41        
482    | 2749.53        
483    | 2750.40        
484    | 2753.25        
485    | 2747.60        
486    | 747.93         
487    | 748.41         
488    | 748.87         
489    | 751.11         
490    | 750.77         
491    | 751.10         
492    | 749.89         
493    | 751.06         
494    | 748.41         
495    | 753.42         
496    | 747.62         
497    | 747.78         
498    | 748.12         
499    | 751.49         
500    | 751.23         
501    | 753.43         
502    | 748.57         
503    | 752.87         
504    | 752.86         
505    | 746.98         
506    | 750.61         
507    | 750.55         
508    | 753.02         
509    | 748.88         
510    | 751.74         
511    | 753.17         
512    | 748.70         
513    | 749.04         
514    | 752.17         
515    | 752.21         
516    | 750.69         
517    | 750.92         
518    | 746.83         
519    | 750.19         
520    | 747.53         
521    | 753.30         
522    | 753.16         
523    | 747.80         
524    | 752.26         
525    | 747.15         
526    | 751.39         
527    | 751.85         
528    | 747.48         
529    | 749.40         
530    | 752.20         
531    | 751.73         
532    | 746.95         
533    | 750.14         
534    | 746.41         
535    | 748.08         
536    | 747.72         
537    | 753.53         
538    | 752.06         
539    | 749.10         
540    | 746.83         
541    | 577.32         
542    | 577.16         
543    | 576.55         
544    | 579.62         
545    | 577.49         
546    | 581.44         
547    | 579.13         
548    | 581.70         
549    | 583.51         
550    | 579.35         
551    | 581.90         
552    | 577.00         
553    | 583.05         
554    | 581.40         
555    | 581.20         
556    | 578.61         
557    | 583.24         
558    | 583.35         
559    | 582.15         
560    | 577.27         
561    | 576.44         
562    | 577.08         
563    | 576.64         
564    | 581.57         
565    | 582.62         
566    | 578.05         
567    | 582.04         
568    | 578.90         
569    | 578.43         
570    | 578.65         
571    | 579.86         
572    | 578.85         
573    | 578.54         
574    | 582.59         
575    | 577.25         
576    | 581.80         
577    | 581.15         
578    | 577.55         
579    | 583.20         
580    | 577.93         
581    | 578.43         
582    | 578.60         
583    | 582.89         
584    | 583.46         
585    | 581.79         
586    | 576.52         
587    | 577.15         
588    | 579.52         
589    | 579.55         
590    | 582.70         
591    | 580.67         
592    | 580.52         
593    | 579.88         
594    | 578.45         
595    | 577.65         
596    | 581.95         
597    | 580.24         
598    | 578.27         
599    | 582.65         
600    | 583.24         
601    | 578.13         
602    | 580.38         
603    | 579.11         
604    | 579.53         
605    | 578.70         
606    | 579.26         
607    | 578.19         
608    | 581.11         
609    | 581.80         
610    | 577.21         
611    | 579.70         
612    | 580.30         
613    | 576.41         
614    | 577.45         
615    | 581.27         
616    | 576.44         
617    | 581.95         
618    | 577.31         
619    | 579.83         
620    | 581.63         
621    | 579.90         
622    | 577.51         
623    | 580.45         
624    | 577.79         
625    | 581.37         
626    | 582.38         
627    | 576.93         
628    | 576.94         
629    | 579.14         
630    | 577.57         
631    | 576.70         
632    | 580.27         
633    | 580.26         
634    | 577.01         
635    | 581.60         
636    | 577.67         
637    | 578.22         
638    | 577.91         
639    | 577.68         
640    | 581.08         
641    | 579.93         
642    | 578.40         
643    | 581.41         
644    | 576.72         
645    | 580.94         
646    | 580.79         
647    | 578.24         
648    | 581.60         
649    | 580.04         
650    | 579.15         
651    | 583.54         
652    | 581.79         
653    | 577.07         
654    | 576.94         
655    | 578.23         
656    | 580.85         
657    | 581.69         
658    | 577.63         
659    | 583.38         
660    | 577.59         
661    | 583.15         
662    | 583.52         
663    | 582.16         
664    | 579.07         
665    | 581.99         
666    | 580.06         
667    | 581.82         
668    | 578.21         
669    | 578.13         
670    | 576.54         
671    | 583.44         
672    | 582.18         
673    | 579.98         
674    | 576.59         
675    | 580.57         
676    | 577.77         
677    | 577.75         
678    | 578.27         
679    | 577.82         
680    | 577.04         
681    | 580.44         
682    | 580.40         
683    | 576.99         
684    | 579.16         
685    | 579.74         
686    | 582.24         
687    | 580.71         
688    | 579.99         
689    | 583.35         
690    | 576.46         
691    | 577.19         
692    | 580.40         
693    | 577.02         
694    | 580.74         
695    | 577.85         
696    | 583.14         
697    | 578.92         
698    | 580.35         
699    | 583.04         
700    | 581.65         
701    | 580.03         
702    | 576.64         
703    | 577.34         
704    | 581.91         
705    | 579.76         
706    | 583.39         
707    | 579.90         
708    | 580.15         
709    | 580.72         
710    | 579.16         
711    | 581.83         
712    | 578.64         
713    | 579.88         
714    | 579.83         
715    | 583.41         
716    | 577.61         
717    | 577.75         
718    | 582.07         
719    | 577.00         
720    | 578.00         
721    | 731.08         
722    | 730.27         
723    | 730.58         
724    | 729.30         
725    | 730.09         
726    | 732.19         
727    | 728.62         
728    | 732.08         
729    | 728.86         
730    | 727.56         
731    | 1731.01        
732    | 1733.33        
733    | 1728.52        
734    | 1730.98        
735    | 1733.11        
736    | 1729.01        
737    | 1726.86        
738    | 1730.58        
739    | 1728.83        
740    | 1730.38        
741    | 733.06         
742    | 732.99         
743    | 729.44         
744    | 733.58         
745    | 730.47         
746    | 727.64         
747    | 730.66         
748    | 727.41         
749    | 729.23         
750    | 730.73         
751    | 731.31         
752    | 732.10         
753    | 728.02         
754    | 729.44         
755    | 727.63         
756    | 727.61         
757    | 728.99         
758    | 727.86         
759    | 728.22         
760    | 730.75         
761    | 729.01         
762    | 731.52         
763    | 728.42         
764    | 729.42         
765    | 729.03         
766    | 732.71         
767    | 730.71         
768    | 727.89         
769    | 726.77         
770    | 726.44         
771    | 732.65         
772    | 730.17         
773    | 727.40         
774    | 732.14         
775    | 732.59         
776    | 731.50         
777    | 731.67         
778    | 729.63         
779    | 732.67         
780    | 732.09         
781    | 697.70         
782    | 703.19         
783    | 700.47         
784    | 701.11         
785    | 702.08         
786    | 698.02         
787    | 701.79         
788    | 700.98         
789    | 698.44         
790    | 698.02         
791    | 701.14         
792    | 703.04         
793    | 700.96         
794    | 697.07         
795    | 702.01         
796    | 702.61         
797    | 698.66         
798    | 698.63         
799    | 702.33         
800    | 699.36         
801    | 698.11         
802    | 697.18         
803    | 700.77         
804    | 700.53         
805    | 697.56         
806    | 701.94         
807    | 700.32         
808    | 702.02         
809    | 696.86         
810    | 703.27         
811    | 697.49         
812    | 699.70         
813    | 699.10         
814    | 702.89         
815    | 696.97         
816    | 700.96         
817    | 699.68         
818    | 700.22         
819    | 702.57         
820    | 698.97         
821    | 699.44         
822    | 702.12         
823    | 697.06         
824    | 702.44         
825    | 703.24         
826    | 701.22         
827    | 702.65         
828    | 699.08         
829    | 698.88         
830    | 703.32         
831    | 700.69         
832    | 698.47         
833    | 696.55         
834    | 699.56         
835    | 699.87         
836    | 701.69         
837    | 699.72         
838    | 698.22         
839    | 701.89         
840    | 701.53         
841    | 3468.29        
842    | 3472.34        
843    | 3466.70        
844    | 3472.13        
845    | 3473.01        
846    | 3468.76        
847    | 3467.87        
848    | 3467.73        
849    | 3469.06        
850    | 3466.90        
851    | 3469.46        
852    | 3472.17        
853    | 3467.09        
854    | 3466.84        
855    | 3469.06        
856    | 3471.15        
857    | 3468.80        
858    | 3470.00        
859    | 3470.48        
860    | 3472.34        
861    | 3472.55        
862    | 3468.74        
863    | 3472.84        
864    | 3470.73        
865    | 3473.08        
866    | 3473.40        
867    | 3470.98        
868    | 3471.89        
869    | 3469.67        
870    | 3471.99        
871    | 3471.85        
872    | 3468.04        
873    | 3469.36        
874    | 3469.87        
875    | 3468.51        
876    | 3472.34        
877    | 3467.77        
878    | 3466.66        
879    | 3470.13        
880    | 3471.30        
881    | 3468.60        
882    | 3472.23        
883    | 3467.39        
884    | 3468.48        
885    | 3470.11        
886    | 3468.01        
887    | 3471.19        
888    | 3471.19        
889    | 3468.61        
890    | 3472.23        
891    | 3468.43        
892    | 3470.88        
893    | 3473.56        
894    | 3472.88        
895    | 3469.75        
896    | 3468.41        
897    | 3471.05        
898    | 3473.19        
899    | 3471.01        
900    | 3467.87        
901    | 3467.06        
902    | 3468.18        
903    | 3469.16        
904    | 3470.60        
905    | 3467.21        
906    | 3473.51        
907    | 3468.52        
908    | 3472.61        
909    | 3466.48        
910    | 3469.17        
911    | 3472.92        
912    | 3466.78        
913    | 3472.91        
914    | 3466.96        
915    | 3469.69        
916    | 3471.31        
917    | 3469.44        
918    | 3473.55        
919    | 3471.83        
920    | 3473.21        
921    | 3468.13        
922    | 3466.94        
923    | 3471.99        
924    | 3466.66        
925    | 3467.49        
926    | 3473.18        
927    | 3470.84        
928    | 3466.74        
929    | 3470.61        
930    | 3472.37        
931    | 3471.62        
932    | 3470.99        
933    | 3469.22        
934    | 3471.16        
935    | 3466.92        
936    | 3472.90        
937    | 3470.01        
938    | 3468.44        
939    | 3470.87        
940    | 3467.94        
941    | 3467.45        
942    | 3469.66        
943    | 3470.78        
944    | 3469.43        
945    | 3471.97        
946    | 3472.26        
947    | 3468.56        
948    | 3472.31        
949    | 3470.34        
950    | 3473.02        
951    | 3470.66        
952    | 3470.69        
953    | 3473.58        
954    | 3467.77        
955    | 3470.56        
956    | 3466.58        
957    | 3471.19        
958    | 3470.08        
959    | 3472.04        
960    | 3469.13        
961    | 967.44         
962    | 972.69         
963    | 969.57         
964    | 968.21         
965    | 966.69         
966    | 971.54         
967    | 969.51         
968    | 967.88         
969    | 967.91         
970    | 970.06         
971    | 970.90         
972    | 970.66         
973    | 971.88         
974    | 966.57         
975    | 971.50         
976    | 969.66         
977    | 972.26         
978    | 969.99         
979    | 966.85         
980    | 971.92         
981    | 971.68         
982    | 973.36         
983    | 970.89         
984    | 970.47         
985    | 967.42         
986    | 972.75         
987    | 968.81         
988    | 969.28         
989    | 968.13         
990    | 969.72         
991    | 967.45         
992    | 972.52         
993    | 967.60         
994    | 967.19         
995    | 973.39         
996    | 973.37         
997    | 968.12         
998    | 968.44         
999    | 972.48         
1000   | 972.92         
1001   | 969.84         
1002   | 973.35         
1003   | 966.48         
1004   | 973.49         
1005   | 973.32         
1006   | 967.95         
1007   | 969.65         
1008   | 973.15         
1009   | 970.71         
1010   | 970.62         
1011   | 973.33         
1012   | 968.53         
1013   | 973.33         
1014   | 971.88         
1015   | 971.93         
1016   | 969.13         
1017   | 967.41         
1018   | 971.47         
1019   | 970.14         
1020   | 968.27         
1021   | 1121.06        
1022   | 1122.31        
1023   | 1118.34        
1024   | 1121.25        
1025   | 1120.88        
1026   | 1119.89        
1027   | 1116.43        
1028   | 1118.42        
1029   | 1122.39        
1030   | 1122.57        
1031   | 1119.12        
1032   | 1123.34        
1033   | 1121.15        
1034   | 1118.28        
1035   | 1120.13        
1036   | 1121.75        
1037   | 1119.60        
1038   | 1117.72        
1039   | 1116.57        
1040   | 1117.40        
1041   | 1122.87        
1042   | 1117.38        
1043   | 1116.88        
1044   | 1122.16        
1045   | 1118.89        
1046   | 1116.52        
1047   | 1121.49        
1048   | 1119.76        
1049   | 1119.05        
1050   | 1117.98        
1051   | 1116.43        
1052   | 1117.11        
1053   | 1122.03        
1054   | 1119.03        
1055   | 1118.31        
1056   | 1116.82        
1057   | 1120.96        
1058   | 1117.76        
1059   | 1119.46        
1060   | 1120.61        
1061   | 1119.91        
1062   | 1117.47        
1063   | 1117.69        
1064   | 1120.35        
1065   | 1122.20        
1066   | 1123.55        
1067   | 1118.63        
1068   | 1122.27        
1069   | 1120.40        
1070   | 1118.38        
1071   | 1121.36        
1072   | 1118.81        
1073   | 1119.96        
1074   | 1118.72        
1075   | 1121.45        
1076   | 1121.90        
1077   | 1117.54        
1078   | 1119.37        
1079   | 1122.96        
1080   | 1119.52        
1081   | 853.01         
1082   | 852.09         
1083   | 851.80         
1084   | 851.83         
1085   | 851.89         
1086   | 847.43         
1087   | 850.43         
1088   | 850.92         
1089   | 847.12         
1090   | 849.68         
1091   | 849.05         
1092   | 851.65         
1093   | 852.87         
1094   | 848.64         
1095   | 852.01         
1096   | 851.48         
1097   | 847.08         
1098   | 852.03         
1099   | 853.42         
1100   | 849.51         
1101   | 847.27         
1102   | 851.92         
1103   | 851.64         
1104   | 849.16         
1105   | 852.08         
1106   | 847.41         
1107   | 847.13         
1108   | 852.97         
1109   | 847.81         
1110   | 850.89         
1111   | 850.21         
1112   | 850.06         
1113   | 848.16         
1114   | 847.72         
1115   | 848.28         
1116   | 850.14         
1117   | 852.45         
1118   | 853.04         
1119   | 847.84         
1120   | 850.42         
1121   | 851.53         
1122   | 853.18         
1123   | 852.90         
1124   | 846.90         
1125   | 849.94         
1126   | 851.50         
1127   | 847.94         
1128   | 848.38         
1129   | 848.98         
1130   | 846.52         
1131   | 851.37         
1132   | 852.14         
1133   | 853.49         
1134   | 851.12         
1135   | 848.78         
1136   | 848.58         
1137   | 846.99         
1138   | 848.65         
1139   | 850.98         
1140   | 848.22         
1141   | 853.35         
1142   | 850.72         
1143   | 847.07         
1144   | 847.51         
1145   | 849.18         
1146   | 847.82         
1147   | 852.57         
1148   | 849.04         
1149   | 847.18         
1150   | 850.72         
1151   | 851.08         
1152   | 848.80         
1153   | 846.43         
1154   | 852.45         
1155   | 848.57         
1156   | 850.19         
1157   | 847.91         
1158   | 850.27         
1159   | 851.11         
1160   | 849.87         
1161   | 851.62         
1162   | 848.39         
1163   | 847.09         
1164   | 849.66         
1165   | 850.71         
1166   | 848.41         
1167   | 849.31         
1168   | 851.03         
1169   | 850.73         
1170   | 850.30         
1171   | 851.13         
1172   | 849.05         
1173   | 849.55         
1174   | 846.66         
1175   | 851.78         
1176   | 852.75         
1177   | 848.54         
1178   | 847.07         
1179   | 847.90         
1180   | 846.70         
1181   | 850.11         
1182   | 849.23         
1183   | 850.07         
1184   | 847.01         
1185   | 849.68         
1186   | 853.46         
1187   | 850.23         
1188   | 848.86         
1189   | 850.31         
1190   | 849.42         
1191   | 851.58         
1192   | 849.62         
1193   | 847.96         
1194   | 850.26         
1195   | 850.41         
1196   | 851.12         
1197   | 848.74         
1198   | 851.10         
1199   | 851.52         
1200   | 847.43         
1201   | 848.69         
1202   | 850.80         
1203   | 850.82         
1204   | 851.94         
1205   | 849.72         
1206   | 848.33         
1207   | 853.43         
1208   | 851.00         
1209   | 848.97         
1210   | 852.42         
1211   | 846.77         
1212   | 848.36         
1213   | 848.14         
1214   | 850.10         
1215   | 847.43         
1216   | 847.86         
1217   | 850.07         
1218   | 852.14         
1219   | 850.95         
1220   | 846.76         
1221   | 848.23         
1222   | 847.32         
1223   | 849.80         
1224   | 847.60         
1225   | 850.80         
1226   | 851.87         
1227   | 851.26         
1228   | 852.55         
1229   | 852.51         
1230   | 847.95         
1231   | 850.29         
1232   | 848.32         
1233   | 852.80         
1234   | 848.90         
1235   | 848.78         
1236   | 850.91         
1237   | 846.97         
1238   | 852.44         
1239   | 847.87         
1240   | 853.50         
1241   | 849.50         
1242   | 847.99         
1243   | 851.97         
1244   | 852.00         
1245   | 849.45         
1246   | 848.96         
1247   | 851.77         
1248   | 849.51         
1249   | 846.70         
1250   | 852.44         
1251   | 850.51         
1252   | 851.93         
1253   | 849.55         
1254   | 849.92         
1255   | 846.50         
1256   | 852.82         
1257   | 850.38         
1258   | 852.02         
1259   | 848.82         
1260   | 853.19         
1261   | 447.40         
1262   | 452.58         
1263   | 452.39         
1264   | 446.65         
1265   | 449.36         
1266   | 446.63         
1267   | 449.15         
1268   | 448.22         
1269   | 452.86         
1270   | 452.07         
1271   | 452.81         
1272   | 448.16         
1273   | 450.93         
1274   | 452.77         
1275   | 449.20         
1276   | 451.55         
1277   | 452.37         
1278   | 449.40         
1279   | 450.02         
1280   | 452.68         
1281   | 452.58         
1282   | 448.48         
1283   | 451.86         
1284   | 449.94         
1285   | 448.83         
1286   | 450.69         
1287   | 447.89         
1288   | 453.24         
1289   | 450.23         
1290   | 453.42         
1291   | 449.05         
1292   | 447.41         
1293   | 451.03         
1294   | 452.64         
1295   | 453.31         
1296   | 449.41         
1297   | 452.99         
1298   | 452.09         
1299   | 450.36         
1300   | 449.00         
1301   | 447.20         
1302   | 450.70         
1303   | 450.43         
1304   | 451.29         
1305   | 452.35         
1306   | 448.17         
1307   | 446.60         
1308   | 451.55         
1309   | 449.15         
1310   | 450.78         
1311   | 450.92         
1312   | 449.61         
1313   | 448.17         
1314   | 450.62         
1315   | 449.09         
1316   | 452.51         
1317   | 451.91         
1318   | 453.38         
1319   | 451.89         
1320   | 450.91         
1321   | 210.00         
1322   | 210.00         
1323   | 210.00         
1324   | 210.00         
1325   | 210.00         
1326   | 210.00         
1327   | 210.00         
1328   | 210.00         
1329   | 210.00         
1330   | 210.00         
1331   | 210.00         
1332   | 210.00         
1333   | 210.00         
1334   | 210.00         
1335   | 210.00         
1336   | 210.00         
1337   | 210.00         
1338   | 210.00         
1339   | 210.00         
1340   | 210.00         
1341   | 210.00         
1342   | 210.00         
1343   | 210.00         
1344   | 210.00         
1345   | 210.00         
1346   | 210.00         
1347   | 210.00         
1348   | 210.00         
1349   | 210.00         
1350   | 210.00         
1351   | 210.00         
1352   | 210.00         
1353   | 210.00         
1354   | 210.00         
1355   | 210.00         
1356   | 210.00         
1357   | 210.00         
1358   | 210.00         
1359   | 210.00         
1360   | 210.00         
1361   | 210.00         
1362   | 210.00         
1363   | 210.00         
1364   | 210.00         
1365   | 210.00         
1366   | 210.00         
1367   | 210.00         
1368   | 210.00         
1369   | 210.00         
1370   | 210.00         
1371   | 210.00         
1372   | 210.00         
1373   | 210.00         
1374   | 210.00         
1375   | 210.00         
1376   | 210.00         
1377   | 210.00         
1378   | 210.00         
1379   | 210.00         
1380   | 210.00         
1381   | 210.00         
1382   | 210.00         
1383   | 210.00         
1384   | 210.00         
1385   | 210.00         
1386   | 210.00         
1387   | 210.00         
1388   | 210.00         
1389   | 210.00         
1390   | 210.00         
1391   | 210.00         
1392   | 210.00         
1393   | 210.00         
1394   | 210.00         
1395   | 210.00         
1396   | 210.00         
1397   | 210.00         
1398   | 210.00         
1399   | 210.00         
1400   | 210.00         
1401   | 210.00         
1402   | 210.00         
1403   | 210.00         
1404   | 210.00         
1405   | 210.00         
1406   | 210.00         
1407   | 210.00         
1408   | 210.00         
1409   | 210.00         
1410   | 210.00         
1411   | 210.00         
1412   | 210.00         
1413   | 210.00         
1414   | 210.00         
1415   | 210.00         
1416   | 210.00         
1417   | 210.00         
1418   | 210.00         
1419   | 210.00         
1420   | 210.00         
1421   | 210.00         
1422   | 210.00         
1423   | 210.00         
1424   | 210.00         
1425   | 210.00         
1426   | 210.00         
1427   | 210.00         
1428   | 210.00         
1429   | 210.00         
1430   | 210.00         
1431   | 210.00         
1432   | 210.00         
1433   | 210.00         
1434   | 210.00         
1435   | 210.00         
1436   | 210.00         
1437   | 210.00         
1438   | 210.00         
1439   | 210.00         
1440   | 210.00         
