Minute | Consumption (W) - SCENARIO: Winter Tea Day
---------------------------------------------
1      | 210.00         
2      | 210.00         
3      | 210.00         
4      | 210.00         
5      | 210.00         
6      | 210.00         
7      | 210.00         
8      | 210.00         
9      | 210.00         
10     | 210.00         
11     | 210.00         
12     | 210.00         
13     | 210.00         
14     | 210.00         
15     | 210.00         
16     | 210.00         
17     | 210.00         
18     | 210.00         
19     | 210.00         
20     | 210.00         
21     | 210.00         
22     | 210.00         
23     | 210.00         
24     | 210.00         
25     | 210.00         
26     | 210.00         
27     | 210.00         
28     | 210.00         
29     | 210.00         
30     | 210.00         
31     | 210.00         
32     | 210.00         
33     | 210.00         
34     | 210.00         
35     | 210.00         
36     | 210.00         
37     | 210.00         
38     | 210.00         
39     | 210.00         
40     | 210.00         
41     | 210.00         
42     | 210.00         
43     | 210.00         
44     | 210.00         
45     | 210.00         
46     | 210.00         
47     | 210.00         
48     | 210.00         
49     | 210.00         
50     | 210.00         
51     | 210.00         
52     | 210.00         
53     | 210.00         
54     | 210.00         
55     | 210.00         
56     | 210.00         
57     | 210.00         
58     | 210.00         
59     | 210.00         
60     | 210.00         
61     | 210.00         
62     | 210.00         
63     | 210.00         
64     | 210.00         
65     | 210.00         
66     | 210.00         
67     | 210.00         
68     | 210.00         
69     | 210.00         
70     | 210.00         
71     | 210.00         
72     | 210.00         
73     | 210.00         
74     | 210.00         
75     | 210.00         
76     | 210.00         
77     | 210.00         
78     | 210.00         
79     | 210.00         
80     | 210.00         
81     | 210.00         
82     | 210.00         
83     | 210.00         
84     | 210.00         
85     | 210.00         
86     | 210.00         
87     | 210.00         
88     | 210.00         
89     | 210.00         
90     | 210.00         
91     | 210.00         
92     | 210.00         
93     | 210.00         
94     | 210.00         
95     | 210.00         
96     | 210.00         
97     | 210.00         
98     | 210.00         
99     | 210.00         
100    | 210.00         
101    | 210.00         
102    | 210.00         
103    | 210.00         
104    | 210.00         
105    | 210.00         
106    | 210.00         
107    | 210.00         
108    | 210.00         
109    | 210.00         
110    | 210.00         
111    | 210.00         
112    | 210.00         
113    | 210.00         
114    | 210.00         
115    | 210.00         
116    | 210.00         
117    | 210.00         
118    | 210.00         
119    | 210.00         
120    | 210.00         
121    | 210.00         
122    | 210.00         
123    | 210.00         
124    | 210.00         
125    | 210.00         
126    | 210.00         
127    | 210.00         
128    | 210.00         
129    | 210.00         
130    | 210.00         
131    | 210.00         
132    | 210.00         
133    | 210.00         
134    | 210.00         
135    | 210.00         
136    | 210.00         
137    | 210.00         
138    | 210.00         
139    | 210.00         
140    | 210.00         
141    | 210.00         
142    | 210.00         
143    | 210.00         
144    | 210.00         
145    | 210.00         
146    | 210.00         
147    | 210.00         
148    | 210.00         
149    | 210.00         
150    | 210.00         
151    | 210.00         
152    | 210.00         
153    | 210.00         
154    | 210.00         
155    | 210.00         
156    | 210.00         
157    | 210.00         
158    | 210.00         
159    | 210.00         
160    | 210.00         
161    | 210.00         
162    | 210.00         
163    | 210.00         
164    | 210.00         
165    | 210.00         
166    | 210.00         
167    | 210.00         
168    | 210.00         
169    | 210.00         
170    | 210.00         
171    | 210.00         
172    | 210.00         
173    | 210.00         
174    | 210.00         
175    | 210.00         
176    | 210.00         
177    | 210.00         
178    | 210.00         
179    | 210.00         
180    | 210.00         
181    | 210.00         
182    | 210.00         
183    | 210.00         
184    | 210.00         
185    | 210.00         
186    | 210.00         
187    | 210.00         
188    | 210.00         
189    | 210.00         
190    | 210.00         
191    | 210.00         
192    | 210.00         
193    | 210.00         
194    | 210.00         
195    | 210.00         
196    | 210.00         
197    | 210.00         
198    | 210.00         
199    | 210.00         
200    | 210.00         
201    | 210.00         
202    | 210.00         
203    | 210.00         
204    | 210.00         
205    | 210.00         
206    | 210.00         
207    | 210.00         
208    | 210.00         
209    | 210.00         
210    | 210.00         
211    | 210.00         
212    | 210.00         
213    | 210.00         
214    | 210.00         
215    | 210.00         
216    | 210.00         
217    | 210.00         
218    | 210.00         
219    | 210.00         
220    | 210.00         
221    | 210.00         
222    | 210.00         
223    | 210.00         
224    | 210.00         
225    | 210.00         
226    | 210.00         
227    | 210.00         
228    | 210.00         
229    | 210.00         
230    | 210.00         
231    | 210.00         
232    | 210.00         
233    | 210.00         
234    | 210.00         
235    | 210.00         
236    | 210.00         
237    | 210.00         
238    | 210.00         
239    | 210.00         
240    | 210.00         
241    | 210.00         
242    | 210.00         
243    | 210.00         
244    | 210.00         
245    | 210.00         
246    | 210.00         
247    | 210.00         
248    | 210.00         
249    | 210.00         
250    | 210.00         
251    | 210.00         
252    | 210.00         
253    | 210.00         
254    | 210.00         
255    | 210.00         
256    | 210.00         
257    | 210.00         
258    | 210.00         
259    | 210.00         
260    | 210.00         
261    | 210.00         
262    | 210.00         
263    | 210.00         
264    | 210.00         
265    | 210.00         
266    | 210.00         
267    | 210.00         
268    | 210.00         
269    | 210.00         
270    | 210.00         
271    | 210.00         
272    | 210.00         
273    | 210.00         
274    | 210.00         
275    | 210.00         
276    | 210.00         
277    | 210.00         
278    | 210.00         
279    | 210.00         
280    | 210.00         
281    | 210.00         
282    | 210.00         
283    | 210.00         
284    | 210.00         
285    | 210.00         
286    | 210.00         
287    | 210.00         
288    | 210.00         
289    | 210.00         
290    | 210.00         
291    | 210.00         
292    | 210.00         
293    | 210.00         
294    | 210.00         
295    | 210.00         
296    | 210.00         
297    | 210.00         
298    | 210.00         
299    | 210.00         
300    | 210.00         
301    | 210.00         
302    | 210.00         
303    | 210.00         
304    | 210.00         
305    | 210.00         
306    | 210.00         
307    | 210.00         
308    | 210.00         
309    | 210.00         
310    | 210.00         
311    | 210.00         
312    | 210.00         
313    | 210.00         
314    | 210.00         
315    | 210.00         
316    | 210.00         
317    | 210.00         
318    | 210.00         
319    | 210.00         
320    | 210.00         
321    | 210.00         
322    | 210.00         
323    | 210.00         
324    | 210.00         
325    | 210.00         
326    | 210.00         
327    | 210.00         
328    | 210.00         
329    | 210.00         
330    | 210.00         
331    | 210.00         
332    | 210.00         
333    | 210.00         
334    | 210.00         
335    | 210.00         
336    | 210.00         
337    | 210.00         
338    | 210.00         
339    | 210.00         
340    | 210.00         
341    | 210.00         
342    | 210.00         
343    | 210.00         
344    | 210.00         
345    | 210.00         
346    | 210.00         
347    | 210.00         
348    | 210.00         
349    | 210.00         
350    | 210.00         
351    | 210.00         
352    | 210.00         
353    | 210.00         
354    | 210.00         
355    | 210.00         
356    | 210.00         
357    | 210.00         
358    | 210.00         
359    | 210.00         
360    | 210.00         
361    | 2346.87        
362    | 347.75         
363    | 348.50         
364    | 352.23         
365    | 349.70         
366    | 351.29         
367    | 347.42         
368    | 350.19         
369    | 347.73         
370    | 346.43         
371    | 348.19         
372    | 346.70         
373    | 353.00         
374    | 347.33         
375    | 346.96         
376    | 347.89         
377    | 351.82         
378    | 351.42         
379    | 349.20         
380    | 352.82         
381    | 349.77         
382    | 348.80         
383    | 348.82         
384    | 350.16         
385    | 348.89         
386    | 351.23         
387    | 350.85         
388    | 347.42         
389    | 350.02         
390    | 351.40         
391    | 2351.16        
392    | 2349.22        
393    | 2347.89        
394    | 2346.57        
395    | 2350.97        
396    | 350.90         
397    | 352.71         
398    | 347.98         
399    | 347.90         
400    | 346.93         
401    | 349.01         
402    | 349.59         
403    | 351.32         
404    | 351.32         
405    | 346.90         
406    | 353.23         
407    | 348.47         
408    | 350.90         
409    | 346.63         
410    | 351.85         
411    | 348.14         
412    | 352.52         
413    | 347.63         
414    | 353.08         
415    | 346.71         
416    | 352.79         
417    | 350.09         
418    | 353.57         
419    | 351.25         
420    | 346.63         
421    | 3147.93        
422    | 1148.90        
423    | 1153.08        
424    | 1147.06        
425    | 1149.04        
426    | 1152.72        
427    | 1150.97        
428    | 1152.33        
429    | 1152.38        
430    | 1151.64        
431    | 1149.22        
432    | 1147.93        
433    | 1149.07        
434    | 1152.13        
435    | 1147.25        
436    | 1147.89        
437    | 1151.20        
438    | 1151.36        
439    | 1152.92        
440    | 1152.08        
441    | 1150.24        
442    | 1150.24        
443    | 1153.37        
444    | 1152.95        
445    | 1153.10        
446    | 1147.07        
447    | 1152.32        
448    | 1153.59        
449    | 1150.23        
450    | 1148.10        
451    | 1150.83        
452    | 1149.77        
453    | 1146.63        
454    | 1152.42        
455    | 1148.82        
456    | 1150.55        
457    | 1148.28        
458    | 1151.48        
459    | 1147.91        
460    | 1153.27        
461    | 1147.28        
462    | 1149.14        
463    | 1151.78        
464    | 1148.40        
465    | 1148.30        
466    | 1146.49        
467    | 1152.38        
468    | 1152.16        
469    | 1147.52        
470    | 1148.75        
471    | 1151.75        
472    | 1146.76        
473    | 1152.37        
474    | 1152.34        
475    | 1149.56        
476    | 1146.47        
477    | 1146.87        
478    | 1151.11        
479    | 1152.97        
480    | 1147.56        
481    | 5151.96        
482    | 3147.24        
483    | 3146.63        
484    | 3149.84        
485    | 3150.52        
486    | 1147.94        
487    | 1149.51        
488    | 1148.56        
489    | 1147.07        
490    | 1150.56        
491    | 1150.93        
492    | 1147.13        
493    | 1147.91        
494    | 1152.41        
495    | 1149.59        
496    | 1147.61        
497    | 1146.99        
498    | 1148.81        
499    | 1149.12        
500    | 1152.71        
501    | 1149.82        
502    | 1153.41        
503    | 1148.19        
504    | 1146.70        
505    | 1150.43        
506    | 1146.68        
507    | 1147.71        
508    | 1147.65        
509    | 1150.53        
510    | 1151.02        
511    | 1149.79        
512    | 1152.63        
513    | 1151.73        
514    | 1153.38        
515    | 1150.10        
516    | 1153.41        
517    | 1153.43        
518    | 1151.98        
519    | 1150.51        
520    | 1147.03        
521    | 1149.65        
522    | 1153.17        
523    | 1149.30        
524    | 1152.20        
525    | 1152.00        
526    | 1153.41        
527    | 1153.02        
528    | 1151.22        
529    | 1147.51        
530    | 1153.29        
531    | 1149.24        
532    | 1146.65        
533    | 1147.72        
534    | 1146.41        
535    | 1148.28        
536    | 1150.95        
537    | 1149.31        
538    | 1153.56        
539    | 1149.76        
540    | 1150.75        
541    | 2977.49        
542    | 982.10         
543    | 980.46         
544    | 982.87         
545    | 979.17         
546    | 980.99         
547    | 980.67         
548    | 978.31         
549    | 981.95         
550    | 982.79         
551    | 983.49         
552    | 977.16         
553    | 978.58         
554    | 982.01         
555    | 982.80         
556    | 981.32         
557    | 978.50         
558    | 980.30         
559    | 980.57         
560    | 981.56         
561    | 980.09         
562    | 977.52         
563    | 980.40         
564    | 980.43         
565    | 977.24         
566    | 978.82         
567    | 982.36         
568    | 976.52         
569    | 982.73         
570    | 981.00         
571    | 982.14         
572    | 976.52         
573    | 979.89         
574    | 978.31         
575    | 982.01         
576    | 979.28         
577    | 983.03         
578    | 981.58         
579    | 981.65         
580    | 981.29         
581    | 976.78         
582    | 983.20         
583    | 979.20         
584    | 977.47         
585    | 982.64         
586    | 979.29         
587    | 980.67         
588    | 979.65         
589    | 978.70         
590    | 977.40         
591    | 983.28         
592    | 980.92         
593    | 980.93         
594    | 978.58         
595    | 981.10         
596    | 977.85         
597    | 978.41         
598    | 981.10         
599    | 980.26         
600    | 979.57         
601    | 2978.70        
602    | 979.01         
603    | 982.31         
604    | 981.26         
605    | 978.09         
606    | 979.95         
607    | 980.21         
608    | 983.21         
609    | 982.02         
610    | 976.71         
611    | 976.82         
612    | 979.10         
613    | 977.40         
614    | 977.18         
615    | 982.55         
616    | 976.65         
617    | 979.34         
618    | 982.20         
619    | 977.53         
620    | 980.72         
621    | 979.93         
622    | 978.38         
623    | 979.01         
624    | 976.69         
625    | 982.54         
626    | 980.20         
627    | 977.29         
628    | 976.53         
629    | 979.99         
630    | 978.68         
631    | 983.36         
632    | 980.36         
633    | 981.04         
634    | 982.56         
635    | 976.77         
636    | 977.01         
637    | 983.18         
638    | 982.10         
639    | 980.66         
640    | 982.66         
641    | 982.45         
642    | 977.41         
643    | 980.82         
644    | 978.53         
645    | 976.66         
646    | 982.80         
647    | 977.77         
648    | 978.52         
649    | 977.70         
650    | 983.47         
651    | 978.14         
652    | 982.63         
653    | 976.66         
654    | 978.48         
655    | 980.66         
656    | 980.06         
657    | 977.62         
658    | 976.70         
659    | 976.54         
660    | 980.48         
661    | 2976.91        
662    | 980.77         
663    | 979.02         
664    | 977.84         
665    | 981.70         
666    | 980.36         
667    | 979.94         
668    | 980.86         
669    | 976.71         
670    | 976.85         
671    | 979.51         
672    | 982.21         
673    | 979.62         
674    | 980.26         
675    | 977.78         
676    | 976.63         
677    | 982.42         
678    | 982.87         
679    | 982.32         
680    | 978.25         
681    | 980.80         
682    | 982.53         
683    | 980.12         
684    | 978.97         
685    | 983.47         
686    | 982.81         
687    | 979.13         
688    | 977.09         
689    | 979.75         
690    | 982.30         
691    | 979.48         
692    | 977.92         
693    | 982.04         
694    | 978.19         
695    | 980.35         
696    | 982.13         
697    | 980.79         
698    | 980.93         
699    | 979.61         
700    | 981.71         
701    | 977.07         
702    | 980.24         
703    | 979.19         
704    | 980.05         
705    | 982.14         
706    | 981.68         
707    | 980.92         
708    | 977.12         
709    | 980.52         
710    | 980.98         
711    | 977.91         
712    | 980.56         
713    | 978.71         
714    | 983.53         
715    | 980.53         
716    | 981.86         
717    | 977.85         
718    | 979.15         
719    | 978.23         
720    | 982.80         
721    | 3132.57        
722    | 1127.83        
723    | 1131.26        
724    | 1133.13        
725    | 1132.15        
726    | 1128.21        
727    | 1131.47        
728    | 1131.21        
729    | 1126.45        
730    | 1128.94        
731    | 2126.42        
732    | 2128.66        
733    | 2130.13        
734    | 2130.43        
735    | 2133.10        
736    | 2133.46        
737    | 2130.17        
738    | 2131.44        
739    | 2131.11        
740    | 2126.58        
741    | 1131.14        
742    | 1130.46        
743    | 1127.31        
744    | 1131.63        
745    | 1129.72        
746    | 1132.13        
747    | 1128.66        
748    | 1127.11        
749    | 1130.29        
750    | 1131.99        
751    | 1127.97        
752    | 1132.51        
753    | 1128.98        
754    | 1133.28        
755    | 1131.02        
756    | 1130.00        
757    | 1128.82        
758    | 1127.86        
759    | 1130.00        
760    | 1130.31        
761    | 1133.17        
762    | 1130.96        
763    | 1129.35        
764    | 1129.62        
765    | 1130.81        
766    | 1126.65        
767    | 1126.65        
768    | 1126.45        
769    | 1127.43        
770    | 1130.70        
771    | 1133.15        
772    | 1126.99        
773    | 1130.51        
774    | 1128.64        
775    | 1131.66        
776    | 1127.80        
777    | 1132.86        
778    | 1132.69        
779    | 1129.85        
780    | 1127.11        
781    | 3102.41        
782    | 1099.35        
783    | 1096.51        
784    | 1097.01        
785    | 1096.41        
786    | 1102.66        
787    | 1098.77        
788    | 1098.45        
789    | 1100.22        
790    | 1100.00        
791    | 1102.73        
792    | 1101.29        
793    | 1096.88        
794    | 1099.89        
795    | 1100.23        
796    | 1096.98        
797    | 1097.67        
798    | 1101.09        
799    | 1101.98        
800    | 1100.00        
801    | 1102.40        
802    | 1099.66        
803    | 1098.68        
804    | 1098.28        
805    | 1102.51        
806    | 1102.79        
807    | 1101.36        
808    | 1102.40        
809    | 1099.70        
810    | 1099.38        
811    | 1101.48        
812    | 1097.52        
813    | 1102.00        
814    | 1103.16        
815    | 1100.96        
816    | 1102.47        
817    | 1096.69        
818    | 1101.34        
819    | 1103.26        
820    | 1101.32        
821    | 1103.60        
822    | 1103.30        
823    | 1100.64        
824    | 1097.10        
825    | 1102.45        
826    | 1102.79        
827    | 1099.98        
828    | 1102.64        
829    | 1103.25        
830    | 1099.29        
831    | 1099.64        
832    | 1097.71        
833    | 1097.05        
834    | 1100.23        
835    | 1099.85        
836    | 1097.80        
837    | 1100.74        
838    | 1098.83        
839    | 1096.85        
840    | 1098.99        
841    | 3101.32        
842    | 1100.29        
843    | 1100.81        
844    | 1097.06        
845    | 1098.53        
846    | 1101.79        
847    | 1101.14        
848    | 1097.99        
849    | 1102.81        
850    | 1096.76        
851    | 1100.11        
852    | 1096.48        
853    | 1097.51        
854    | 1099.35        
855    | 1103.38        
856    | 1100.12        
857    | 1102.22        
858    | 1096.92        
859    | 1102.06        
860    | 1097.25        
861    | 1098.25        
862    | 1100.48        
863    | 1101.69        
864    | 1102.29        
865    | 1097.66        
866    | 1100.74        
867    | 1098.01        
868    | 1100.94        
869    | 1103.22        
870    | 1101.56        
871    | 1100.56        
872    | 1098.79        
873    | 1099.65        
874    | 1102.12        
875    | 1101.40        
876    | 1097.61        
877    | 1097.29        
878    | 1099.60        
879    | 1097.10        
880    | 1101.45        
881    | 1100.43        
882    | 1100.19        
883    | 1099.13        
884    | 1099.46        
885    | 1101.72        
886    | 1103.17        
887    | 1099.05        
888    | 1101.27        
889    | 1100.30        
890    | 1098.69        
891    | 1099.02        
892    | 1100.68        
893    | 1101.70        
894    | 1098.01        
895    | 1096.88        
896    | 1096.49        
897    | 1098.58        
898    | 1099.69        
899    | 1102.15        
900    | 1101.64        
901    | 3098.70        
902    | 1098.36        
903    | 1098.18        
904    | 1096.61        
905    | 1101.69        
906    | 1097.91        
907    | 1098.08        
908    | 1101.11        
909    | 1101.60        
910    | 1101.92        
911    | 1100.91        
912    | 1097.24        
913    | 1097.86        
914    | 1099.75        
915    | 1100.39        
916    | 1099.27        
917    | 1098.39        
918    | 1098.74        
919    | 1099.79        
920    | 1102.50        
921    | 1101.33        
922    | 1097.90        
923    | 1101.84        
924    | 1097.82        
925    | 1102.66        
926    | 1100.24        
927    | 1102.26        
928    | 1097.53        
929    | 1103.16        
930    | 1096.59        
931    | 1100.75        
932    | 1103.54        
933    | 1099.42        
934    | 1097.25        
935    | 1098.39        
936    | 1103.41        
937    | 1101.97        
938    | 1097.29        
939    | 1098.25        
940    | 1097.95        
941    | 1098.77        
942    | 1096.71        
943    | 1101.51        
944    | 1098.32        
945    | 1096.92        
946    | 1099.63        
947    | 1101.76        
948    | 1101.85        
949    | 1099.87        
950    | 1103.41        
951    | 1103.07        
952    | 1103.54        
953    | 1101.74        
954    | 1101.46        
955    | 1099.60        
956    | 1097.50        
957    | 1103.01        
958    | 1100.44        
959    | 1100.78        
960    | 1101.59        
961    | 3096.90        
962    | 1101.81        
963    | 1100.08        
964    | 1099.37        
965    | 1100.80        
966    | 1103.37        
967    | 1099.34        
968    | 1097.40        
969    | 1103.01        
970    | 1096.91        
971    | 1102.32        
972    | 1103.35        
973    | 1102.53        
974    | 1098.89        
975    | 1103.56        
976    | 1100.13        
977    | 1097.70        
978    | 1097.37        
979    | 1101.46        
980    | 1100.21        
981    | 1103.34        
982    | 1096.61        
983    | 1099.91        
984    | 1098.49        
985    | 1101.36        
986    | 1100.26        
987    | 1100.08        
988    | 1100.47        
989    | 1099.89        
990    | 1099.35        
991    | 1099.44        
992    | 1099.38        
993    | 1103.34        
994    | 1096.93        
995    | 1101.55        
996    | 1099.45        
997    | 1103.17        
998    | 1100.71        
999    | 1102.95        
1000   | 1096.63        
1001   | 1101.86        
1002   | 1097.50        
1003   | 1099.07        
1004   | 1103.21        
1005   | 1097.10        
1006   | 1099.70        
1007   | 1101.44        
1008   | 1098.48        
1009   | 1097.50        
1010   | 1097.62        
1011   | 1096.51        
1012   | 1097.95        
1013   | 1102.65        
1014   | 1103.11        
1015   | 1096.66        
1016   | 1097.43        
1017   | 1103.13        
1018   | 1099.71        
1019   | 1097.31        
1020   | 1100.94        
1021   | 3251.29        
1022   | 1248.77        
1023   | 1250.99        
1024   | 1248.54        
1025   | 1252.27        
1026   | 1247.23        
1027   | 1246.68        
1028   | 1251.91        
1029   | 1248.40        
1030   | 1247.94        
1031   | 1249.07        
1032   | 1249.60        
1033   | 1252.87        
1034   | 1248.26        
1035   | 1251.42        
1036   | 1251.71        
1037   | 1250.84        
1038   | 1247.03        
1039   | 1246.55        
1040   | 1252.32        
1041   | 1253.34        
1042   | 1249.38        
1043   | 1252.75        
1044   | 1249.28        
1045   | 1248.32        
1046   | 1249.17        
1047   | 1252.62        
1048   | 1250.20        
1049   | 1247.47        
1050   | 1248.37        
1051   | 1250.37        
1052   | 1251.03        
1053   | 1252.25        
1054   | 1251.43        
1055   | 1246.53        
1056   | 1250.69        
1057   | 1253.01        
1058   | 1251.25        
1059   | 1248.79        
1060   | 1250.39        
1061   | 1251.13        
1062   | 1253.18        
1063   | 1246.89        
1064   | 1252.45        
1065   | 1251.60        
1066   | 1249.13        
1067   | 1250.29        
1068   | 1251.51        
1069   | 1247.31        
1070   | 1249.36        
1071   | 1252.50        
1072   | 1252.31        
1073   | 1250.00        
1074   | 1248.07        
1075   | 1250.70        
1076   | 1246.45        
1077   | 1251.40        
1078   | 1253.05        
1079   | 1250.88        
1080   | 1252.77        
1081   | 3251.90        
1082   | 1252.41        
1083   | 1250.23        
1084   | 1249.43        
1085   | 1247.66        
1086   | 1252.70        
1087   | 1252.56        
1088   | 1248.65        
1089   | 1251.50        
1090   | 1248.37        
1091   | 1252.37        
1092   | 1252.55        
1093   | 1247.52        
1094   | 1250.84        
1095   | 1251.99        
1096   | 1253.35        
1097   | 1249.73        
1098   | 1253.51        
1099   | 1248.43        
1100   | 1249.91        
1101   | 1253.54        
1102   | 1247.76        
1103   | 1246.76        
1104   | 1248.73        
1105   | 1252.88        
1106   | 1248.89        
1107   | 1252.91        
1108   | 1252.95        
1109   | 1249.47        
1110   | 1250.07        
1111   | 1247.14        
1112   | 1247.43        
1113   | 1248.27        
1114   | 1248.07        
1115   | 1247.44        
1116   | 1252.73        
1117   | 1249.11        
1118   | 1246.62        
1119   | 1247.40        
1120   | 1253.27        
1121   | 1249.06        
1122   | 1253.30        
1123   | 1246.57        
1124   | 1248.03        
1125   | 1252.56        
1126   | 1250.51        
1127   | 1248.90        
1128   | 1253.40        
1129   | 1251.28        
1130   | 1251.73        
1131   | 1251.34        
1132   | 1248.01        
1133   | 1246.58        
1134   | 1247.84        
1135   | 1250.97        
1136   | 1246.90        
1137   | 1252.27        
1138   | 1252.29        
1139   | 1250.54        
1140   | 1253.26        
1141   | 3247.97        
1142   | 1250.96        
1143   | 1251.08        
1144   | 1249.41        
1145   | 1247.94        
1146   | 1250.42        
1147   | 1250.19        
1148   | 1252.96        
1149   | 1251.61        
1150   | 1252.14        
1151   | 1247.66        
1152   | 1247.99        
1153   | 1252.86        
1154   | 1246.91        
1155   | 1248.94        
1156   | 1253.29        
1157   | 1247.44        
1158   | 1252.03        
1159   | 1253.48        
1160   | 1247.16        
1161   | 1248.40        
1162   | 1251.21        
1163   | 1248.69        
1164   | 1247.19        
1165   | 1246.90        
1166   | 1246.68        
1167   | 1250.39        
1168   | 1248.12        
1169   | 1247.01        
1170   | 1248.78        
1171   | 1247.15        
1172   | 1247.90        
1173   | 1250.01        
1174   | 1251.81        
1175   | 1250.66        
1176   | 1247.62        
1177   | 1251.26        
1178   | 1247.46        
1179   | 1248.28        
1180   | 1246.70        
1181   | 1247.73        
1182   | 1252.37        
1183   | 1250.10        
1184   | 1251.34        
1185   | 1252.29        
1186   | 1246.99        
1187   | 1247.30        
1188   | 1247.92        
1189   | 1249.63        
1190   | 1249.57        
1191   | 1252.33        
1192   | 1250.39        
1193   | 1249.96        
1194   | 1252.83        
1195   | 1247.92        
1196   | 1248.48        
1197   | 1247.71        
1198   | 1249.69        
1199   | 1251.28        
1200   | 1252.84        
1201   | 3248.38        
1202   | 1251.54        
1203   | 1250.25        
1204   | 1248.26        
1205   | 1247.96        
1206   | 1248.79        
1207   | 1247.16        
1208   | 1251.63        
1209   | 1253.37        
1210   | 1251.47        
1211   | 1252.71        
1212   | 1252.45        
1213   | 1251.18        
1214   | 1250.31        
1215   | 1249.17        
1216   | 1247.72        
1217   | 1251.04        
1218   | 1247.86        
1219   | 1253.02        
1220   | 1251.23        
1221   | 1247.99        
1222   | 1253.29        
1223   | 1252.34        
1224   | 1250.17        
1225   | 1247.33        
1226   | 1252.89        
1227   | 1248.20        
1228   | 1250.37        
1229   | 1250.02        
1230   | 1250.56        
1231   | 1249.44        
1232   | 1252.74        
1233   | 1248.49        
1234   | 1250.89        
1235   | 1247.40        
1236   | 1252.26        
1237   | 1248.65        
1238   | 1251.85        
1239   | 1249.32        
1240   | 1251.67        
1241   | 1251.01        
1242   | 1247.10        
1243   | 1253.32        
1244   | 1251.31        
1245   | 1248.13        
1246   | 1249.89        
1247   | 1251.81        
1248   | 1246.68        
1249   | 1248.75        
1250   | 1251.93        
1251   | 1253.03        
1252   | 1253.47        
1253   | 1253.43        
1254   | 1247.72        
1255   | 1252.34        
1256   | 1251.70        
1257   | 1248.53        
1258   | 1250.53        
1259   | 1252.25        
1260   | 1250.58        
1261   | 2847.36        
1262   | 851.35         
1263   | 852.15         
1264   | 846.88         
1265   | 852.87         
1266   | 851.18         
1267   | 847.19         
1268   | 846.42         
1269   | 846.95         
1270   | 846.82         
1271   | 848.78         
1272   | 852.13         
1273   | 847.33         
1274   | 847.88         
1275   | 850.13         
1276   | 853.18         
1277   | 850.65         
1278   | 847.67         
1279   | 847.86         
1280   | 853.28         
1281   | 846.79         
1282   | 852.11         
1283   | 852.49         
1284   | 849.74         
1285   | 848.18         
1286   | 849.94         
1287   | 850.83         
1288   | 852.83         
1289   | 847.91         
1290   | 848.75         
1291   | 847.39         
1292   | 852.61         
1293   | 847.98         
1294   | 852.41         
1295   | 849.12         
1296   | 852.67         
1297   | 851.35         
1298   | 849.01         
1299   | 848.17         
1300   | 850.52         
1301   | 848.34         
1302   | 850.45         
1303   | 848.80         
1304   | 846.45         
1305   | 847.56         
1306   | 850.69         
1307   | 851.89         
1308   | 850.92         
1309   | 850.54         
1310   | 847.76         
1311   | 849.28         
1312   | 848.17         
1313   | 851.24         
1314   | 852.81         
1315   | 850.50         
1316   | 848.22         
1317   | 846.47         
1318   | 847.56         
1319   | 848.09         
1320   | 846.48         
1321   | 210.00         
1322   | 210.00         
1323   | 210.00         
1324   | 210.00         
1325   | 210.00         
1326   | 210.00         
1327   | 210.00         
1328   | 210.00         
1329   | 210.00         
1330   | 210.00         
1331   | 210.00         
1332   | 210.00         
1333   | 210.00         
1334   | 210.00         
1335   | 210.00         
1336   | 210.00         
1337   | 210.00         
1338   | 210.00         
1339   | 210.00         
1340   | 210.00         
1341   | 210.00         
1342   | 210.00         
1343   | 210.00         
1344   | 210.00         
1345   | 210.00         
1346   | 210.00         
1347   | 210.00         
1348   | 210.00         
1349   | 210.00         
1350   | 210.00         
1351   | 210.00         
1352   | 210.00         
1353   | 210.00         
1354   | 210.00         
1355   | 210.00         
1356   | 210.00         
1357   | 210.00         
1358   | 210.00         
1359   | 210.00         
1360   | 210.00         
1361   | 210.00         
1362   | 210.00         
1363   | 210.00         
1364   | 210.00         
1365   | 210.00         
1366   | 210.00         
1367   | 210.00         
1368   | 210.00         
1369   | 210.00         
1370   | 210.00         
1371   | 210.00         
1372   | 210.00         
1373   | 210.00         
1374   | 210.00         
1375   | 210.00         
1376   | 210.00         
1377   | 210.00         
1378   | 210.00         
1379   | 210.00         
1380   | 210.00         
1381   | 210.00         
1382   | 210.00         
1383   | 210.00         
1384   | 210.00         
1385   | 210.00         
1386   | 210.00         
1387   | 210.00         
1388   | 210.00         
1389   | 210.00         
1390   | 210.00         
1391   | 210.00         
1392   | 210.00         
1393   | 210.00         
1394   | 210.00         
1395   | 210.00         
1396   | 210.00         
1397   | 210.00         
1398   | 210.00         
1399   | 210.00         
1400   | 210.00         
1401   | 210.00         
1402   | 210.00         
1403   | 210.00         
1404   | 210.00         
1405   | 210.00         
1406   | 210.00         
1407   | 210.00         
1408   | 210.00         
1409   | 210.00         
1410   | 210.00         
1411   | 210.00         
1412   | 210.00         
1413   | 210.00         
1414   | 210.00         
1415   | 210.00         
1416   | 210.00         
1417   | 210.00         
1418   | 210.00         
1419   | 210.00         
1420   | 210.00         
1421   | 210.00         
1422   | 210.00         
1423   | 210.00         
1424   | 210.00         
1425   | 210.00         
1426   | 210.00         
1427   | 210.00         
1428   | 210.00         
1429   | 210.00         
1430   | 210.00         
1431   | 210.00         
1432   | 210.00         
1433   | 210.00         
1434   | 210.00         
1435   | 210.00         
1436   | 210.00         
1437   | 210.00         
1438   | 210.00         
1439   | 210.00         
1440   | 210.00         
