Minute | Consumption (W) - SCENARIO: Computer Hobby Session
---------------------------------------------
1      | 210.00         
2      | 210.00         
3      | 210.00         
4      | 210.00         
5      | 210.00         
6      | 210.00         
7      | 210.00         
8      | 210.00         
9      | 210.00         
10     | 210.00         
11     | 210.00         
12     | 210.00         
13     | 210.00         
14     | 210.00         
15     | 210.00         
16     | 210.00         
17     | 210.00         
18     | 210.00         
19     | 210.00         
20     | 210.00         
21     | 210.00         
22     | 210.00         
23     | 210.00         
24     | 210.00         
25     | 210.00         
26     | 210.00         
27     | 210.00         
28     | 210.00         
29     | 210.00         
30     | 210.00         
31     | 210.00         
32     | 210.00         
33     | 210.00         
34     | 210.00         
35     | 210.00         
36     | 210.00         
37     | 210.00         
38     | 210.00         
39     | 210.00         
40     | 210.00         
41     | 210.00         
42     | 210.00         
43     | 210.00         
44     | 210.00         
45     | 210.00         
46     | 210.00         
47     | 210.00         
48     | 210.00         
49     | 210.00         
50     | 210.00         
51     | 210.00         
52     | 210.00         
53     | 210.00         
54     | 210.00         
55     | 210.00         
56     | 210.00         
57     | 210.00         
58     | 210.00         
59     | 210.00         
60     | 210.00         
61     | 210.00         
62     | 210.00         
63     | 210.00         
64     | 210.00         
65     | 210.00         
66     | 210.00         
67     | 210.00         
68     | 210.00         
69     | 210.00         
70     | 210.00         
71     | 210.00         
72     | 210.00         
73     | 210.00         
74     | 210.00         
75     | 210.00         
76     | 210.00         
77     | 210.00         
78     | 210.00         
79     | 210.00         
80     | 210.00         
81     | 210.00         
82     | 210.00         
83     | 210.00         
84     | 210.00         
85     | 210.00         
86     | 210.00         
87     | 210.00         
88     | 210.00         
89     | 210.00         
90     | 210.00         
91     | 210.00         
92     | 210.00         
93     | 210.00         
94     | 210.00         
95     | 210.00         
96     | 210.00         
97     | 210.00         
98     | 210.00         
99     | 210.00         
100    | 210.00         
101    | 210.00         
102    | 210.00         
103    | 210.00         
104    | 210.00         
105    | 210.00         
106    | 210.00         
107    | 210.00         
108    | 210.00         
109    | 210.00         
110    | 210.00         
111    | 210.00         
112    | 210.00         
113    | 210.00         
114    | 210.00         
115    | 210.00         
116    | 210.00         
117    | 210.00         
118    | 210.00         
119    | 210.00         
120    | 210.00         
121    | 210.00         
122    | 210.00         
123    | 210.00         
124    | 210.00         
125    | 210.00         
126    | 210.00         
127    | 210.00         
128    | 210.00         
129    | 210.00         
130    | 210.00         
131    | 210.00         
132    | 210.00         
133    | 210.00         
134    | 210.00         
135    | 210.00         
136    | 210.00         
137    | 210.00         
138    | 210.00         
139    | 210.00         
140    | 210.00         
141    | 210.00         
142    | 210.00         
143    | 210.00         
144    | 210.00         
145    | 210.00         
146    | 210.00         
147    | 210.00         
148    | 210.00         
149    | 210.00         
150    | 210.00         
151    | 210.00         
152    | 210.00         
153    | 210.00         
154    | 210.00         
155    | 210.00         
156    | 210.00         
157    | 210.00         
158    | 210.00         
159    | 210.00         
160    | 210.00         
161    | 210.00         
162    | 210.00         
163    | 210.00         
164    | 210.00         
165    | 210.00         
166    | 210.00         
167    | 210.00         
168    | 210.00         
169    | 210.00         
170    | 210.00         
171    | 210.00         
172    | 210.00         
173    | 210.00         
174    | 210.00         
175    | 210.00         
176    | 210.00         
177    | 210.00         
178    | 210.00         
179    | 210.00         
180    | 210.00         
181    | 210.00         
182    | 210.00         
183    | 210.00         
184    | 210.00         
185    | 210.00         
186    | 210.00         
187    | 210.00         
188    | 210.00         
189    | 210.00         
190    | 210.00         
191    | 210.00         
192    | 210.00         
193    | 210.00         
194    | 210.00         
195    | 210.00         
196    | 210.00         
197    | 210.00         
198    | 210.00         
199    | 210.00         
200    | 210.00         
201    | 210.00         
202    | 210.00         
203    | 210.00         
204    | 210.00         
205    | 210.00         
206    | 210.00         
207    | 210.00         
208    | 210.00         
209    | 210.00         
210    | 210.00         
211    | 210.00         
212    | 210.00         
213    | 210.00         
214    | 210.00         
215    | 210.00         
216    | 210.00         
217    | 210.00         
218    | 210.00         
219    | 210.00         
220    | 210.00         
221    | 210.00         
222    | 210.00         
223    | 210.00         
224    | 210.00         
225    | 210.00         
226    | 210.00         
227    | 210.00         
228    | 210.00         
229    | 210.00         
230    | 210.00         
231    | 210.00         
232    | 210.00         
233    | 210.00         
234    | 210.00         
235    | 210.00         
236    | 210.00         
237    | 210.00         
238    | 210.00         
239    | 210.00         
240    | 210.00         
241    | 210.00         
242    | 210.00         
243    | 210.00         
244    | 210.00         
245    | 210.00         
246    | 210.00         
247    | 210.00         
248    | 210.00         
249    | 210.00         
250    | 210.00         
251    | 210.00         
252    | 210.00         
253    | 210.00         
254    | 210.00         
255    | 210.00         
256    | 210.00         
257    | 210.00         
258    | 210.00         
259    | 210.00         
260    | 210.00         
261    | 210.00         
262    | 210.00         
263    | 210.00         
264    | 210.00         
265    | 210.00         
266    | 210.00         
267    | 210.00         
268    | 210.00         
269    | 210.00         
270    | 210.00         
271    | 210.00         
272    | 210.00         
273    | 210.00         
274    | 210.00         
275    | 210.00         
276    | 210.00         
277    | 210.00         
278    | 210.00         
279    | 210.00         
280    | 210.00         
281    | 210.00         
282    | 210.00         
283    | 210.00         
284    | 210.00         
285    | 210.00         
286    | 210.00         
287    | 210.00         
288    | 210.00         
289    | 210.00         
290    | 210.00         
291    | 210.00         
292    | 210.00         
293    | 210.00         
294    | 210.00         
295    | 210.00         
296    | 210.00         
297    | 210.00         
298    | 210.00         
299    | 210.00         
300    | 210.00         
301    | 210.00         
302    | 210.00         
303    | 210.00         
304    | 210.00         
305    | 210.00         
306    | 210.00         
307    | 210.00         
308    | 210.00         
309    | 210.00         
310    | 210.00         
311    | 210.00         
312    | 210.00         
313    | 210.00         
314    | 210.00         
315    | 210.00         
316    | 210.00         
317    | 210.00         
318    | 210.00         
319    | 210.00         
320    | 210.00         
321    | 210.00         
322    | 210.00         
323    | 210.00         
324    | 210.00         
325    | 210.00         
326    | 210.00         
327    | 210.00         
328    | 210.00         
329    | 210.00         
330    | 210.00         
331    | 210.00         
332    | 210.00         
333    | 210.00         
334    | 210.00         
335    | 210.00         
336    | 210.00         
337    | 210.00         
338    | 210.00         
339    | 210.00         
340    | 210.00         
341    | 210.00         
342    | 210.00         
343    | 210.00         
344    | 210.00         
345    | 210.00         
346    | 210.00         
347    | 210.00         
348    | 210.00         
349    | 210.00         
350    | 210.00         
351    | 210.00         
352    | 210.00         
353    | 210.00         
354    | 210.00         
355    | 210.00         
356    | 210.00         
357    | 210.00         
358    | 210.00         
359    | 210.00         
360    | 210.00         
361    | 353.15         
362    | 348.19         
363    | 347.02         
364    | 349.76         
365    | 349.62         
366    | 347.75         
367    | 352.27         
368    | 346.44         
369    | 347.39         
370    | 350.97         
371    | 350.30         
372    | 350.73         
373    | 350.16         
374    | 348.72         
375    | 346.70         
376    | 352.43         
377    | 346.81         
378    | 346.57         
379    | 351.39         
380    | 349.87         
381    | 348.94         
382    | 349.21         
383    | 349.83         
384    | 348.54         
385    | 352.72         
386    | 348.57         
387    | 352.16         
388    | 352.71         
389    | 348.95         
390    | 346.85         
391    | 2348.11        
392    | 2350.63        
393    | 2351.48        
394    | 2346.94        
395    | 2350.53        
396    | 348.98         
397    | 352.63         
398    | 349.70         
399    | 352.91         
400    | 352.57         
401    | 351.87         
402    | 347.08         
403    | 353.42         
404    | 351.12         
405    | 350.95         
406    | 347.92         
407    | 346.43         
408    | 347.98         
409    | 347.72         
410    | 348.37         
411    | 347.20         
412    | 351.01         
413    | 350.60         
414    | 350.89         
415    | 347.55         
416    | 352.11         
417    | 349.10         
418    | 352.27         
419    | 348.61         
420    | 348.69         
421    | 752.10         
422    | 749.68         
423    | 752.71         
424    | 752.77         
425    | 749.84         
426    | 747.16         
427    | 748.40         
428    | 751.98         
429    | 746.44         
430    | 752.89         
431    | 753.42         
432    | 753.37         
433    | 749.21         
434    | 751.28         
435    | 752.99         
436    | 748.54         
437    | 750.82         
438    | 751.32         
439    | 748.73         
440    | 750.80         
441    | 751.10         
442    | 747.36         
443    | 747.10         
444    | 751.29         
445    | 752.21         
446    | 748.54         
447    | 748.42         
448    | 746.43         
449    | 746.51         
450    | 747.32         
451    | 748.56         
452    | 751.38         
453    | 748.82         
454    | 752.28         
455    | 746.65         
456    | 750.41         
457    | 748.23         
458    | 750.47         
459    | 751.97         
460    | 751.10         
461    | 747.60         
462    | 747.94         
463    | 750.31         
464    | 747.79         
465    | 749.33         
466    | 751.96         
467    | 751.04         
468    | 747.58         
469    | 750.83         
470    | 747.88         
471    | 750.95         
472    | 750.18         
473    | 753.12         
474    | 753.27         
475    | 750.42         
476    | 748.42         
477    | 750.45         
478    | 747.74         
479    | 753.08         
480    | 748.69         
481    | 2749.01        
482    | 2752.52        
483    | 2752.41        
484    | 2753.33        
485    | 2748.59        
486    | 752.84         
487    | 752.40         
488    | 752.04         
489    | 751.41         
490    | 748.94         
491    | 748.17         
492    | 748.03         
493    | 751.51         
494    | 748.04         
495    | 746.87         
496    | 750.69         
497    | 751.01         
498    | 749.32         
499    | 747.30         
500    | 749.78         
501    | 746.42         
502    | 749.07         
503    | 753.51         
504    | 752.65         
505    | 748.03         
506    | 748.71         
507    | 752.98         
508    | 749.25         
509    | 748.12         
510    | 746.99         
511    | 752.36         
512    | 746.92         
513    | 753.29         
514    | 749.08         
515    | 746.47         
516    | 748.40         
517    | 752.42         
518    | 753.30         
519    | 750.07         
520    | 746.84         
521    | 751.36         
522    | 750.16         
523    | 753.06         
524    | 751.72         
525    | 748.65         
526    | 748.97         
527    | 748.53         
528    | 749.70         
529    | 746.62         
530    | 749.66         
531    | 752.24         
532    | 749.33         
533    | 749.08         
534    | 750.31         
535    | 747.39         
536    | 752.92         
537    | 747.57         
538    | 746.97         
539    | 749.15         
540    | 746.95         
541    | 578.29         
542    | 580.94         
543    | 578.04         
544    | 577.58         
545    | 578.64         
546    | 578.69         
547    | 577.35         
548    | 577.92         
549    | 582.52         
550    | 579.62         
551    | 582.82         
552    | 580.86         
553    | 579.85         
554    | 582.03         
555    | 579.43         
556    | 581.51         
557    | 582.06         
558    | 580.53         
559    | 580.09         
560    | 579.10         
561    | 583.11         
562    | 579.58         
563    | 576.42         
564    | 580.00         
565    | 579.85         
566    | 577.00         
567    | 576.58         
568    | 582.84         
569    | 583.13         
570    | 576.41         
571    | 577.93         
572    | 581.18         
573    | 582.39         
574    | 577.76         
575    | 582.52         
576    | 580.35         
577    | 582.87         
578    | 579.35         
579    | 580.61         
580    | 578.29         
581    | 580.64         
582    | 581.93         
583    | 579.42         
584    | 579.42         
585    | 582.57         
586    | 580.99         
587    | 582.59         
588    | 581.22         
589    | 581.10         
590    | 582.04         
591    | 580.08         
592    | 581.87         
593    | 581.00         
594    | 582.48         
595    | 576.42         
596    | 583.02         
597    | 580.43         
598    | 577.30         
599    | 578.63         
600    | 576.42         
601    | 578.04         
602    | 583.10         
603    | 582.09         
604    | 580.99         
605    | 580.69         
606    | 582.32         
607    | 577.63         
608    | 579.83         
609    | 580.61         
610    | 578.56         
611    | 582.82         
612    | 581.96         
613    | 576.58         
614    | 580.91         
615    | 580.73         
616    | 579.07         
617    | 580.04         
618    | 578.07         
619    | 582.29         
620    | 578.26         
621    | 580.14         
622    | 578.64         
623    | 579.88         
624    | 579.77         
625    | 581.01         
626    | 580.94         
627    | 582.97         
628    | 580.80         
629    | 577.86         
630    | 578.00         
631    | 577.86         
632    | 583.29         
633    | 580.87         
634    | 578.41         
635    | 580.05         
636    | 578.72         
637    | 582.14         
638    | 578.59         
639    | 580.30         
640    | 583.49         
641    | 577.73         
642    | 579.68         
643    | 579.74         
644    | 577.20         
645    | 578.95         
646    | 576.70         
647    | 581.00         
648    | 579.47         
649    | 582.76         
650    | 580.23         
651    | 577.31         
652    | 580.48         
653    | 581.07         
654    | 583.34         
655    | 579.72         
656    | 578.44         
657    | 578.71         
658    | 577.26         
659    | 577.11         
660    | 578.01         
661    | 582.22         
662    | 576.52         
663    | 582.51         
664    | 580.77         
665    | 578.82         
666    | 577.53         
667    | 578.67         
668    | 582.79         
669    | 580.46         
670    | 576.66         
671    | 579.36         
672    | 578.65         
673    | 583.59         
674    | 579.45         
675    | 579.12         
676    | 577.32         
677    | 583.26         
678    | 583.54         
679    | 578.35         
680    | 579.72         
681    | 577.92         
682    | 580.29         
683    | 578.31         
684    | 583.43         
685    | 579.68         
686    | 582.51         
687    | 582.84         
688    | 583.50         
689    | 582.03         
690    | 581.39         
691    | 581.61         
692    | 583.58         
693    | 583.34         
694    | 583.41         
695    | 580.61         
696    | 580.27         
697    | 578.88         
698    | 579.82         
699    | 580.74         
700    | 579.65         
701    | 579.86         
702    | 579.27         
703    | 581.44         
704    | 579.09         
705    | 580.71         
706    | 582.65         
707    | 582.25         
708    | 582.85         
709    | 582.20         
710    | 578.13         
711    | 577.16         
712    | 579.32         
713    | 579.45         
714    | 581.22         
715    | 582.26         
716    | 581.26         
717    | 576.65         
718    | 582.29         
719    | 581.99         
720    | 576.92         
721    | 731.83         
722    | 729.43         
723    | 732.68         
724    | 730.51         
725    | 732.44         
726    | 727.00         
727    | 731.42         
728    | 728.87         
729    | 731.90         
730    | 731.50         
731    | 1728.75        
732    | 1731.42        
733    | 1730.60        
734    | 1732.91        
735    | 1730.21        
736    | 1728.43        
737    | 1726.96        
738    | 1732.66        
739    | 1730.92        
740    | 1733.33        
741    | 727.49         
742    | 731.07         
743    | 731.00         
744    | 730.48         
745    | 729.23         
746    | 732.28         
747    | 731.09         
748    | 727.46         
749    | 730.25         
750    | 726.53         
751    | 727.57         
752    | 732.30         
753    | 733.45         
754    | 729.60         
755    | 729.15         
756    | 733.01         
757    | 727.60         
758    | 727.74         
759    | 731.01         
760    | 726.79         
761    | 726.48         
762    | 729.61         
763    | 728.99         
764    | 728.57         
765    | 727.31         
766    | 733.31         
767    | 726.56         
768    | 731.84         
769    | 728.65         
770    | 731.64         
771    | 729.14         
772    | 731.03         
773    | 731.21         
774    | 729.19         
775    | 728.18         
776    | 729.38         
777    | 727.55         
778    | 728.34         
779    | 726.48         
780    | 727.19         
781    | 699.43         
782    | 697.76         
783    | 700.03         
784    | 700.54         
785    | 697.42         
786    | 700.80         
787    | 699.96         
788    | 702.04         
789    | 701.22         
790    | 698.37         
791    | 698.64         
792    | 698.04         
793    | 702.71         
794    | 701.30         
795    | 702.98         
796    | 701.69         
797    | 700.50         
798    | 697.61         
799    | 697.83         
800    | 698.63         
801    | 700.08         
802    | 697.51         
803    | 702.94         
804    | 696.74         
805    | 698.16         
806    | 703.20         
807    | 700.37         
808    | 698.52         
809    | 696.55         
810    | 698.46         
811    | 701.83         
812    | 702.43         
813    | 703.05         
814    | 696.98         
815    | 700.80         
816    | 700.01         
817    | 703.35         
818    | 701.56         
819    | 697.09         
820    | 698.79         
821    | 698.82         
822    | 700.57         
823    | 696.76         
824    | 698.57         
825    | 697.69         
826    | 701.06         
827    | 700.72         
828    | 701.66         
829    | 700.48         
830    | 698.27         
831    | 702.60         
832    | 698.63         
833    | 703.00         
834    | 701.45         
835    | 701.64         
836    | 696.68         
837    | 698.98         
838    | 698.85         
839    | 696.44         
840    | 702.63         
841    | 702.23         
842    | 701.94         
843    | 697.59         
844    | 700.13         
845    | 697.31         
846    | 700.67         
847    | 702.51         
848    | 700.76         
849    | 703.28         
850    | 699.45         
851    | 703.35         
852    | 703.20         
853    | 701.35         
854    | 702.23         
855    | 700.90         
856    | 698.19         
857    | 701.66         
858    | 697.20         
859    | 701.64         
860    | 702.92         
861    | 701.21         
862    | 699.46         
863    | 697.71         
864    | 700.57         
865    | 703.40         
866    | 702.85         
867    | 697.76         
868    | 697.13         
869    | 703.41         
870    | 698.55         
871    | 698.32         
872    | 699.21         
873    | 696.53         
874    | 699.51         
875    | 699.66         
876    | 696.64         
877    | 699.59         
878    | 697.61         
879    | 702.77         
880    | 700.10         
881    | 701.41         
882    | 702.25         
883    | 703.34         
884    | 702.50         
885    | 701.43         
886    | 699.88         
887    | 703.29         
888    | 696.77         
889    | 697.30         
890    | 700.54         
891    | 698.72         
892    | 699.28         
893    | 698.20         
894    | 702.68         
895    | 702.44         
896    | 697.07         
897    | 698.00         
898    | 700.18         
899    | 698.26         
900    | 699.02         
901    | 700.39         
902    | 696.99         
903    | 698.74         
904    | 696.55         
905    | 700.71         
906    | 698.29         
907    | 700.29         
908    | 697.29         
909    | 700.96         
910    | 701.99         
911    | 698.76         
912    | 699.37         
913    | 698.43         
914    | 700.61         
915    | 702.13         
916    | 700.21         
917    | 698.73         
918    | 703.54         
919    | 699.69         
920    | 696.95         
921    | 699.54         
922    | 699.29         
923    | 703.02         
924    | 701.18         
925    | 699.56         
926    | 701.99         
927    | 697.48         
928    | 699.59         
929    | 700.82         
930    | 700.61         
931    | 701.48         
932    | 700.10         
933    | 702.98         
934    | 700.49         
935    | 702.09         
936    | 701.54         
937    | 697.85         
938    | 699.79         
939    | 700.79         
940    | 696.97         
941    | 697.62         
942    | 702.18         
943    | 701.21         
944    | 696.42         
945    | 700.56         
946    | 699.83         
947    | 698.29         
948    | 699.08         
949    | 703.42         
950    | 698.61         
951    | 702.35         
952    | 701.19         
953    | 698.50         
954    | 697.93         
955    | 698.10         
956    | 700.71         
957    | 701.18         
958    | 698.79         
959    | 701.94         
960    | 699.83         
961    | 763.12         
962    | 759.84         
963    | 756.51         
964    | 762.82         
965    | 756.59         
966    | 757.91         
967    | 761.44         
968    | 759.51         
969    | 760.96         
970    | 759.21         
971    | 762.33         
972    | 762.41         
973    | 758.82         
974    | 762.27         
975    | 760.91         
976    | 761.35         
977    | 759.26         
978    | 757.04         
979    | 762.06         
980    | 761.05         
981    | 760.19         
982    | 762.35         
983    | 760.04         
984    | 762.03         
985    | 762.13         
986    | 757.85         
987    | 758.25         
988    | 762.98         
989    | 756.78         
990    | 757.62         
991    | 759.53         
992    | 759.83         
993    | 762.44         
994    | 762.57         
995    | 760.80         
996    | 756.63         
997    | 756.55         
998    | 759.69         
999    | 760.74         
1000   | 760.28         
1001   | 759.29         
1002   | 759.91         
1003   | 756.43         
1004   | 757.73         
1005   | 759.51         
1006   | 762.34         
1007   | 763.32         
1008   | 762.37         
1009   | 759.55         
1010   | 762.72         
1011   | 760.40         
1012   | 758.31         
1013   | 761.38         
1014   | 763.49         
1015   | 761.87         
1016   | 762.12         
1017   | 761.74         
1018   | 759.98         
1019   | 763.35         
1020   | 761.58         
1021   | 909.75         
1022   | 907.50         
1023   | 911.15         
1024   | 913.17         
1025   | 911.43         
1026   | 907.25         
1027   | 906.68         
1028   | 911.81         
1029   | 906.54         
1030   | 913.01         
1031   | 910.95         
1032   | 910.22         
1033   | 908.05         
1034   | 911.02         
1035   | 913.47         
1036   | 911.53         
1037   | 909.67         
1038   | 911.19         
1039   | 908.18         
1040   | 908.84         
1041   | 913.09         
1042   | 908.13         
1043   | 910.58         
1044   | 912.81         
1045   | 910.99         
1046   | 909.94         
1047   | 910.46         
1048   | 907.49         
1049   | 913.54         
1050   | 908.66         
1051   | 913.17         
1052   | 913.09         
1053   | 909.70         
1054   | 912.56         
1055   | 909.08         
1056   | 909.91         
1057   | 913.18         
1058   | 907.05         
1059   | 908.75         
1060   | 907.79         
1061   | 907.55         
1062   | 911.52         
1063   | 909.62         
1064   | 908.93         
1065   | 912.96         
1066   | 909.12         
1067   | 907.61         
1068   | 908.46         
1069   | 909.83         
1070   | 909.50         
1071   | 910.79         
1072   | 907.74         
1073   | 907.91         
1074   | 908.15         
1075   | 911.53         
1076   | 907.08         
1077   | 912.24         
1078   | 910.17         
1079   | 910.94         
1080   | 908.88         
1081   | 847.90         
1082   | 846.63         
1083   | 847.28         
1084   | 852.29         
1085   | 847.99         
1086   | 850.92         
1087   | 847.85         
1088   | 849.40         
1089   | 850.46         
1090   | 850.56         
1091   | 848.33         
1092   | 853.20         
1093   | 849.64         
1094   | 848.07         
1095   | 851.99         
1096   | 853.24         
1097   | 849.65         
1098   | 853.42         
1099   | 847.23         
1100   | 850.61         
1101   | 850.56         
1102   | 847.95         
1103   | 850.00         
1104   | 848.56         
1105   | 850.85         
1106   | 850.42         
1107   | 849.79         
1108   | 847.80         
1109   | 849.52         
1110   | 848.82         
1111   | 849.13         
1112   | 851.13         
1113   | 848.87         
1114   | 853.22         
1115   | 847.10         
1116   | 846.63         
1117   | 847.45         
1118   | 851.78         
1119   | 850.77         
1120   | 851.10         
1121   | 849.92         
1122   | 849.91         
1123   | 849.73         
1124   | 850.68         
1125   | 848.32         
1126   | 848.43         
1127   | 847.47         
1128   | 848.88         
1129   | 849.01         
1130   | 851.00         
1131   | 851.21         
1132   | 848.34         
1133   | 850.03         
1134   | 849.16         
1135   | 851.28         
1136   | 847.35         
1137   | 852.45         
1138   | 853.23         
1139   | 847.57         
1140   | 847.45         
1141   | 848.96         
1142   | 846.73         
1143   | 852.69         
1144   | 848.59         
1145   | 850.00         
1146   | 850.28         
1147   | 851.39         
1148   | 847.79         
1149   | 846.62         
1150   | 847.20         
1151   | 852.14         
1152   | 851.45         
1153   | 848.02         
1154   | 847.12         
1155   | 849.27         
1156   | 846.69         
1157   | 851.66         
1158   | 847.33         
1159   | 847.68         
1160   | 849.46         
1161   | 853.51         
1162   | 847.97         
1163   | 846.64         
1164   | 850.83         
1165   | 847.46         
1166   | 846.74         
1167   | 850.32         
1168   | 848.50         
1169   | 851.61         
1170   | 846.84         
1171   | 848.81         
1172   | 847.66         
1173   | 851.75         
1174   | 851.16         
1175   | 851.68         
1176   | 853.46         
1177   | 852.67         
1178   | 846.44         
1179   | 847.86         
1180   | 851.20         
1181   | 850.44         
1182   | 850.21         
1183   | 848.65         
1184   | 851.55         
1185   | 853.39         
1186   | 851.40         
1187   | 853.54         
1188   | 846.94         
1189   | 851.30         
1190   | 852.49         
1191   | 852.76         
1192   | 851.78         
1193   | 851.80         
1194   | 848.82         
1195   | 847.60         
1196   | 852.13         
1197   | 850.37         
1198   | 846.83         
1199   | 852.75         
1200   | 851.67         
1201   | 849.24         
1202   | 848.75         
1203   | 848.55         
1204   | 852.28         
1205   | 850.16         
1206   | 850.87         
1207   | 852.69         
1208   | 853.46         
1209   | 849.52         
1210   | 850.35         
1211   | 848.67         
1212   | 852.07         
1213   | 851.87         
1214   | 849.76         
1215   | 853.28         
1216   | 852.53         
1217   | 847.69         
1218   | 850.67         
1219   | 851.14         
1220   | 850.05         
1221   | 847.99         
1222   | 846.52         
1223   | 850.72         
1224   | 846.62         
1225   | 851.47         
1226   | 849.55         
1227   | 851.33         
1228   | 852.42         
1229   | 852.69         
1230   | 848.20         
1231   | 849.63         
1232   | 853.42         
1233   | 853.01         
1234   | 846.51         
1235   | 849.83         
1236   | 851.25         
1237   | 848.88         
1238   | 850.22         
1239   | 851.34         
1240   | 846.96         
1241   | 851.24         
1242   | 847.55         
1243   | 847.12         
1244   | 850.10         
1245   | 849.66         
1246   | 849.01         
1247   | 849.76         
1248   | 850.51         
1249   | 849.14         
1250   | 853.04         
1251   | 851.53         
1252   | 849.26         
1253   | 852.05         
1254   | 849.78         
1255   | 846.92         
1256   | 849.59         
1257   | 852.71         
1258   | 853.14         
1259   | 849.10         
1260   | 852.86         
1261   | 448.28         
1262   | 451.36         
1263   | 448.14         
1264   | 447.58         
1265   | 452.56         
1266   | 446.76         
1267   | 451.66         
1268   | 449.32         
1269   | 451.97         
1270   | 447.25         
1271   | 447.46         
1272   | 447.36         
1273   | 449.19         
1274   | 452.24         
1275   | 451.31         
1276   | 452.93         
1277   | 452.47         
1278   | 451.71         
1279   | 452.30         
1280   | 452.69         
1281   | 451.83         
1282   | 449.08         
1283   | 449.35         
1284   | 450.14         
1285   | 453.28         
1286   | 447.29         
1287   | 451.34         
1288   | 453.35         
1289   | 450.58         
1290   | 449.07         
1291   | 450.42         
1292   | 449.60         
1293   | 448.75         
1294   | 448.54         
1295   | 450.64         
1296   | 449.71         
1297   | 451.53         
1298   | 449.77         
1299   | 448.18         
1300   | 449.70         
1301   | 446.79         
1302   | 449.66         
1303   | 449.75         
1304   | 447.02         
1305   | 451.46         
1306   | 452.03         
1307   | 447.58         
1308   | 448.09         
1309   | 450.37         
1310   | 450.04         
1311   | 450.74         
1312   | 450.61         
1313   | 446.52         
1314   | 450.02         
1315   | 451.29         
1316   | 452.52         
1317   | 450.18         
1318   | 450.13         
1319   | 451.66         
1320   | 448.96         
1321   | 210.00         
1322   | 210.00         
1323   | 210.00         
1324   | 210.00         
1325   | 210.00         
1326   | 210.00         
1327   | 210.00         
1328   | 210.00         
1329   | 210.00         
1330   | 210.00         
1331   | 210.00         
1332   | 210.00         
1333   | 210.00         
1334   | 210.00         
1335   | 210.00         
1336   | 210.00         
1337   | 210.00         
1338   | 210.00         
1339   | 210.00         
1340   | 210.00         
1341   | 210.00         
1342   | 210.00         
1343   | 210.00         
1344   | 210.00         
1345   | 210.00         
1346   | 210.00         
1347   | 210.00         
1348   | 210.00         
1349   | 210.00         
1350   | 210.00         
1351   | 210.00         
1352   | 210.00         
1353   | 210.00         
1354   | 210.00         
1355   | 210.00         
1356   | 210.00         
1357   | 210.00         
1358   | 210.00         
1359   | 210.00         
1360   | 210.00         
1361   | 210.00         
1362   | 210.00         
1363   | 210.00         
1364   | 210.00         
1365   | 210.00         
1366   | 210.00         
1367   | 210.00         
1368   | 210.00         
1369   | 210.00         
1370   | 210.00         
1371   | 210.00         
1372   | 210.00         
1373   | 210.00         
1374   | 210.00         
1375   | 210.00         
1376   | 210.00         
1377   | 210.00         
1378   | 210.00         
1379   | 210.00         
1380   | 210.00         
1381   | 210.00         
1382   | 210.00         
1383   | 210.00         
1384   | 210.00         
1385   | 210.00         
1386   | 210.00         
1387   | 210.00         
1388   | 210.00         
1389   | 210.00         
1390   | 210.00         
1391   | 210.00         
1392   | 210.00         
1393   | 210.00         
1394   | 210.00         
1395   | 210.00         
1396   | 210.00         
1397   | 210.00         
1398   | 210.00         
1399   | 210.00         
1400   | 210.00         
1401   | 210.00         
1402   | 210.00         
1403   | 210.00         
1404   | 210.00         
1405   | 210.00         
1406   | 210.00         
1407   | 210.00         
1408   | 210.00         
1409   | 210.00         
1410   | 210.00         
1411   | 210.00         
1412   | 210.00         
1413   | 210.00         
1414   | 210.00         
1415   | 210.00         
1416   | 210.00         
1417   | 210.00         
1418   | 210.00         
1419   | 210.00         
1420   | 210.00         
1421   | 210.00         
1422   | 210.00         
1423   | 210.00         
1424   | 210.00         
1425   | 210.00         
1426   | 210.00         
1427   | 210.00         
1428   | 210.00         
1429   | 210.00         
1430   | 210.00         
1431   | 210.00         
1432   | 210.00         
1433   | 210.00         
1434   | 210.00         
1435   | 210.00         
1436   | 210.00         
1437   | 210.00         
1438   | 210.00         
1439   | 210.00         
1440   | 210.00         
