Minute | Consumption (W) - SCENARIO: Social Day
---------------------------------------------
1      | 210.00         
2      | 210.00         
3      | 210.00         
4      | 210.00         
5      | 210.00         
6      | 210.00         
7      | 210.00         
8      | 210.00         
9      | 210.00         
10     | 210.00         
11     | 210.00         
12     | 210.00         
13     | 210.00         
14     | 210.00         
15     | 210.00         
16     | 210.00         
17     | 210.00         
18     | 210.00         
19     | 210.00         
20     | 210.00         
21     | 210.00         
22     | 210.00         
23     | 210.00         
24     | 210.00         
25     | 210.00         
26     | 210.00         
27     | 210.00         
28     | 210.00         
29     | 210.00         
30     | 210.00         
31     | 210.00         
32     | 210.00         
33     | 210.00         
34     | 210.00         
35     | 210.00         
36     | 210.00         
37     | 210.00         
38     | 210.00         
39     | 210.00         
40     | 210.00         
41     | 210.00         
42     | 210.00         
43     | 210.00         
44     | 210.00         
45     | 210.00         
46     | 210.00         
47     | 210.00         
48     | 210.00         
49     | 210.00         
50     | 210.00         
51     | 210.00         
52     | 210.00         
53     | 210.00         
54     | 210.00         
55     | 210.00         
56     | 210.00         
57     | 210.00         
58     | 210.00         
59     | 210.00         
60     | 210.00         
61     | 210.00         
62     | 210.00         
63     | 210.00         
64     | 210.00         
65     | 210.00         
66     | 210.00         
67     | 210.00         
68     | 210.00         
69     | 210.00         
70     | 210.00         
71     | 210.00         
72     | 210.00         
73     | 210.00         
74     | 210.00         
75     | 210.00         
76     | 210.00         
77     | 210.00         
78     | 210.00         
79     | 210.00         
80     | 210.00         
81     | 210.00         
82     | 210.00         
83     | 210.00         
84     | 210.00         
85     | 210.00         
86     | 210.00         
87     | 210.00         
88     | 210.00         
89     | 210.00         
90     | 210.00         
91     | 210.00         
92     | 210.00         
93     | 210.00         
94     | 210.00         
95     | 210.00         
96     | 210.00         
97     | 210.00         
98     | 210.00         
99     | 210.00         
100    | 210.00         
101    | 210.00         
102    | 210.00         
103    | 210.00         
104    | 210.00         
105    | 210.00         
106    | 210.00         
107    | 210.00         
108    | 210.00         
109    | 210.00         
110    | 210.00         
111    | 210.00         
112    | 210.00         
113    | 210.00         
114    | 210.00         
115    | 210.00         
116    | 210.00         
117    | 210.00         
118    | 210.00         
119    | 210.00         
120    | 210.00         
121    | 210.00         
122    | 210.00         
123    | 210.00         
124    | 210.00         
125    | 210.00         
126    | 210.00         
127    | 210.00         
128    | 210.00         
129    | 210.00         
130    | 210.00         
131    | 210.00         
132    | 210.00         
133    | 210.00         
134    | 210.00         
135    | 210.00         
136    | 210.00         
137    | 210.00         
138    | 210.00         
139    | 210.00         
140    | 210.00         
141    | 210.00         
142    | 210.00         
143    | 210.00         
144    | 210.00         
145    | 210.00         
146    | 210.00         
147    | 210.00         
148    | 210.00         
149    | 210.00         
150    | 210.00         
151    | 210.00         
152    | 210.00         
153    | 210.00         
154    | 210.00         
155    | 210.00         
156    | 210.00         
157    | 210.00         
158    | 210.00         
159    | 210.00         
160    | 210.00         
161    | 210.00         
162    | 210.00         
163    | 210.00         
164    | 210.00         
165    | 210.00         
166    | 210.00         
167    | 210.00         
168    | 210.00         
169    | 210.00         
170    | 210.00         
171    | 210.00         
172    | 210.00         
173    | 210.00         
174    | 210.00         
175    | 210.00         
176    | 210.00         
177    | 210.00         
178    | 210.00         
179    | 210.00         
180    | 210.00         
181    | 210.00         
182    | 210.00         
183    | 210.00         
184    | 210.00         
185    | 210.00         
186    | 210.00         
187    | 210.00         
188    | 210.00         
189    | 210.00         
190    | 210.00         
191    | 210.00         
192    | 210.00         
193    | 210.00         
194    | 210.00         
195    | 210.00         
196    | 210.00         
197    | 210.00         
198    | 210.00         
199    | 210.00         
200    | 210.00         
201    | 210.00         
202    | 210.00         
203    | 210.00         
204    | 210.00         
205    | 210.00         
206    | 210.00         
207    | 210.00         
208    | 210.00         
209    | 210.00         
210    | 210.00         
211    | 210.00         
212    | 210.00         
213    | 210.00         
214    | 210.00         
215    | 210.00         
216    | 210.00         
217    | 210.00         
218    | 210.00         
219    | 210.00         
220    | 210.00         
221    | 210.00         
222    | 210.00         
223    | 210.00         
224    | 210.00         
225    | 210.00         
226    | 210.00         
227    | 210.00         
228    | 210.00         
229    | 210.00         
230    | 210.00         
231    | 210.00         
232    | 210.00         
233    | 210.00         
234    | 210.00         
235    | 210.00         
236    | 210.00         
237    | 210.00         
238    | 210.00         
239    | 210.00         
240    | 210.00         
241    | 210.00         
242    | 210.00         
243    | 210.00         
244    | 210.00         
245    | 210.00         
246    | 210.00         
247    | 210.00         
248    | 210.00         
249    | 210.00         
250    | 210.00         
251    | 210.00         
252    | 210.00         
253    | 210.00         
254    | 210.00         
255    | 210.00         
256    | 210.00         
257    | 210.00         
258    | 210.00         
259    | 210.00         
260    | 210.00         
261    | 210.00         
262    | 210.00         
263    | 210.00         
264    | 210.00         
265    | 210.00         
266    | 210.00         
267    | 210.00         
268    | 210.00         
269    | 210.00         
270    | 210.00         
271    | 210.00         
272    | 210.00         
273    | 210.00         
274    | 210.00         
275    | 210.00         
276    | 210.00         
277    | 210.00         
278    | 210.00         
279    | 210.00         
280    | 210.00         
281    | 210.00         
282    | 210.00         
283    | 210.00         
284    | 210.00         
285    | 210.00         
286    | 210.00         
287    | 210.00         
288    | 210.00         
289    | 210.00         
290    | 210.00         
291    | 210.00         
292    | 210.00         
293    | 210.00         
294    | 210.00         
295    | 210.00         
296    | 210.00         
297    | 210.00         
298    | 210.00         
299    | 210.00         
300    | 210.00         
301    | 210.00         
302    | 210.00         
303    | 210.00         
304    | 210.00         
305    | 210.00         
306    | 210.00         
307    | 210.00         
308    | 210.00         
309    | 210.00         
310    | 210.00         
311    | 210.00         
312    | 210.00         
313    | 210.00         
314    | 210.00         
315    | 210.00         
316    | 210.00         
317    | 210.00         
318    | 210.00         
319    | 210.00         
320    | 210.00         
321    | 210.00         
322    | 210.00         
323    | 210.00         
324    | 210.00         
325    | 210.00         
326    | 210.00         
327    | 210.00         
328    | 210.00         
329    | 210.00         
330    | 210.00         
331    | 210.00         
332    | 210.00         
333    | 210.00         
334    | 210.00         
335    | 210.00         
336    | 210.00         
337    | 210.00         
338    | 210.00         
339    | 210.00         
340    | 210.00         
341    | 210.00         
342    | 210.00         
343    | 210.00         
344    | 210.00         
345    | 210.00         
346    | 210.00         
347    | 210.00         
348    | 210.00         
349    | 210.00         
350    | 210.00         
351    | 210.00         
352    | 210.00         
353    | 210.00         
354    | 210.00         
355    | 210.00         
356    | 210.00         
357    | 210.00         
358    | 210.00         
359    | 210.00         
360    | 210.00         
361    | 350.34         
362    | 350.86         
363    | 353.26         
364    | 353.56         
365    | 348.07         
366    | 349.37         
367    | 349.95         
368    | 350.25         
369    | 352.66         
370    | 347.42         
371    | 347.04         
372    | 348.78         
373    | 348.53         
374    | 346.57         
375    | 348.66         
376    | 351.56         
377    | 347.61         
378    | 350.24         
379    | 351.27         
380    | 351.48         
381    | 351.86         
382    | 352.58         
383    | 346.42         
384    | 348.14         
385    | 353.32         
386    | 347.33         
387    | 346.83         
388    | 350.45         
389    | 351.52         
390    | 351.70         
391    | 2349.88        
392    | 2353.06        
393    | 2350.05        
394    | 2353.26        
395    | 2352.71        
396    | 349.46         
397    | 350.28         
398    | 352.95         
399    | 348.30         
400    | 350.69         
401    | 352.93         
402    | 348.78         
403    | 352.03         
404    | 352.87         
405    | 349.42         
406    | 348.06         
407    | 349.81         
408    | 347.27         
409    | 347.26         
410    | 347.92         
411    | 353.22         
412    | 348.61         
413    | 346.74         
414    | 349.32         
415    | 348.64         
416    | 352.09         
417    | 347.36         
418    | 348.81         
419    | 348.89         
420    | 348.52         
421    | 752.85         
422    | 747.17         
423    | 752.60         
424    | 747.06         
425    | 746.78         
426    | 748.34         
427    | 748.06         
428    | 751.37         
429    | 749.52         
430    | 753.09         
431    | 750.70         
432    | 748.36         
433    | 753.20         
434    | 750.00         
435    | 750.31         
436    | 748.46         
437    | 751.55         
438    | 746.70         
439    | 750.35         
440    | 751.17         
441    | 749.10         
442    | 751.11         
443    | 748.77         
444    | 750.26         
445    | 752.03         
446    | 753.23         
447    | 749.58         
448    | 749.63         
449    | 750.28         
450    | 747.05         
451    | 751.80         
452    | 746.65         
453    | 753.00         
454    | 751.54         
455    | 747.31         
456    | 749.59         
457    | 752.93         
458    | 748.81         
459    | 749.84         
460    | 747.77         
461    | 750.74         
462    | 749.24         
463    | 752.71         
464    | 747.01         
465    | 751.48         
466    | 748.68         
467    | 749.56         
468    | 749.42         
469    | 752.43         
470    | 746.69         
471    | 747.41         
472    | 749.39         
473    | 747.28         
474    | 749.71         
475    | 750.42         
476    | 749.01         
477    | 753.39         
478    | 747.02         
479    | 747.28         
480    | 748.26         
481    | 2752.98        
482    | 2747.44        
483    | 2752.68        
484    | 2751.56        
485    | 2747.17        
486    | 749.60         
487    | 750.15         
488    | 748.81         
489    | 747.02         
490    | 753.15         
491    | 753.12         
492    | 749.02         
493    | 748.40         
494    | 747.90         
495    | 753.34         
496    | 749.38         
497    | 748.14         
498    | 750.56         
499    | 748.11         
500    | 751.23         
501    | 752.90         
502    | 746.91         
503    | 752.91         
504    | 751.77         
505    | 749.55         
506    | 751.86         
507    | 748.87         
508    | 750.49         
509    | 749.07         
510    | 751.88         
511    | 747.32         
512    | 749.33         
513    | 751.37         
514    | 750.92         
515    | 748.99         
516    | 746.96         
517    | 752.58         
518    | 750.02         
519    | 751.33         
520    | 747.29         
521    | 751.52         
522    | 749.77         
523    | 746.90         
524    | 751.60         
525    | 750.57         
526    | 748.78         
527    | 750.64         
528    | 750.82         
529    | 748.78         
530    | 752.40         
531    | 748.57         
532    | 749.67         
533    | 749.48         
534    | 750.66         
535    | 749.22         
536    | 753.40         
537    | 748.03         
538    | 747.44         
539    | 749.99         
540    | 747.11         
541    | 583.05         
542    | 581.20         
543    | 581.43         
544    | 580.40         
545    | 581.88         
546    | 578.95         
547    | 581.69         
548    | 581.88         
549    | 582.86         
550    | 581.99         
551    | 577.10         
552    | 582.32         
553    | 581.85         
554    | 581.65         
555    | 579.53         
556    | 580.00         
557    | 577.26         
558    | 582.48         
559    | 580.41         
560    | 580.52         
561    | 581.91         
562    | 581.34         
563    | 581.80         
564    | 579.74         
565    | 579.22         
566    | 583.18         
567    | 579.25         
568    | 577.00         
569    | 579.80         
570    | 579.84         
571    | 582.04         
572    | 581.70         
573    | 581.04         
574    | 581.45         
575    | 583.45         
576    | 581.05         
577    | 581.16         
578    | 580.60         
579    | 582.27         
580    | 577.55         
581    | 581.05         
582    | 579.74         
583    | 580.03         
584    | 577.77         
585    | 577.65         
586    | 577.36         
587    | 580.44         
588    | 582.47         
589    | 578.55         
590    | 581.55         
591    | 582.18         
592    | 578.62         
593    | 580.90         
594    | 580.15         
595    | 579.50         
596    | 577.07         
597    | 576.85         
598    | 576.85         
599    | 577.28         
600    | 582.84         
601    | 579.00         
602    | 576.66         
603    | 580.81         
604    | 577.59         
605    | 580.99         
606    | 579.05         
607    | 578.48         
608    | 579.24         
609    | 583.50         
610    | 582.06         
611    | 579.96         
612    | 579.56         
613    | 581.96         
614    | 576.95         
615    | 579.57         
616    | 581.87         
617    | 579.43         
618    | 580.14         
619    | 577.26         
620    | 582.54         
621    | 578.55         
622    | 580.96         
623    | 578.95         
624    | 577.27         
625    | 581.25         
626    | 580.23         
627    | 578.95         
628    | 581.43         
629    | 579.33         
630    | 580.96         
631    | 580.36         
632    | 581.44         
633    | 581.20         
634    | 578.72         
635    | 576.40         
636    | 583.05         
637    | 578.76         
638    | 577.33         
639    | 582.13         
640    | 582.89         
641    | 583.24         
642    | 582.02         
643    | 582.15         
644    | 580.16         
645    | 582.92         
646    | 580.54         
647    | 581.51         
648    | 577.18         
649    | 581.03         
650    | 583.30         
651    | 576.84         
652    | 578.11         
653    | 579.54         
654    | 581.15         
655    | 578.68         
656    | 578.87         
657    | 576.95         
658    | 580.08         
659    | 581.33         
660    | 576.85         
661    | 579.76         
662    | 580.00         
663    | 581.93         
664    | 576.74         
665    | 582.84         
666    | 578.27         
667    | 581.92         
668    | 578.73         
669    | 582.17         
670    | 580.64         
671    | 579.24         
672    | 576.82         
673    | 582.54         
674    | 583.05         
675    | 580.14         
676    | 578.63         
677    | 576.79         
678    | 581.74         
679    | 581.60         
680    | 583.58         
681    | 579.84         
682    | 577.04         
683    | 578.82         
684    | 578.69         
685    | 578.10         
686    | 581.00         
687    | 580.40         
688    | 577.06         
689    | 577.65         
690    | 578.50         
691    | 582.93         
692    | 581.65         
693    | 581.05         
694    | 577.62         
695    | 576.44         
696    | 581.07         
697    | 582.90         
698    | 580.88         
699    | 579.05         
700    | 578.88         
701    | 577.37         
702    | 578.65         
703    | 579.42         
704    | 577.66         
705    | 578.28         
706    | 580.06         
707    | 577.51         
708    | 577.92         
709    | 579.14         
710    | 579.18         
711    | 578.02         
712    | 581.05         
713    | 580.54         
714    | 581.13         
715    | 581.91         
716    | 580.41         
717    | 578.62         
718    | 580.22         
719    | 576.61         
720    | 581.29         
721    | 2730.83        
722    | 2731.45        
723    | 2731.93        
724    | 2729.87        
725    | 2728.48        
726    | 2732.03        
727    | 2729.08        
728    | 2731.91        
729    | 2732.79        
730    | 2729.42        
731    | 3728.21        
732    | 3729.64        
733    | 3732.45        
734    | 3732.68        
735    | 3732.81        
736    | 3728.28        
737    | 3729.68        
738    | 3728.76        
739    | 3728.70        
740    | 3731.82        
741    | 2728.20        
742    | 2733.06        
743    | 2733.05        
744    | 2730.66        
745    | 2733.23        
746    | 2729.42        
747    | 2727.93        
748    | 2733.16        
749    | 2732.42        
750    | 2733.10        
751    | 2726.72        
752    | 2731.38        
753    | 2730.83        
754    | 2730.34        
755    | 2727.19        
756    | 2726.78        
757    | 2732.64        
758    | 2729.06        
759    | 2733.37        
760    | 2729.06        
761    | 2729.19        
762    | 2726.52        
763    | 2729.46        
764    | 2732.42        
765    | 2732.48        
766    | 2732.41        
767    | 2727.16        
768    | 2728.87        
769    | 2729.17        
770    | 2728.69        
771    | 2733.53        
772    | 2730.83        
773    | 2730.47        
774    | 2730.49        
775    | 2729.85        
776    | 2732.67        
777    | 2732.23        
778    | 2730.45        
779    | 2728.94        
780    | 2729.56        
781    | 702.07         
782    | 697.97         
783    | 698.03         
784    | 698.61         
785    | 703.03         
786    | 703.47         
787    | 699.52         
788    | 703.07         
789    | 698.48         
790    | 700.32         
791    | 697.74         
792    | 697.47         
793    | 697.53         
794    | 701.20         
795    | 699.10         
796    | 697.29         
797    | 698.07         
798    | 700.57         
799    | 702.30         
800    | 697.82         
801    | 697.82         
802    | 702.49         
803    | 696.94         
804    | 702.04         
805    | 699.18         
806    | 697.58         
807    | 698.59         
808    | 701.34         
809    | 700.62         
810    | 701.59         
811    | 700.23         
812    | 699.38         
813    | 699.47         
814    | 699.90         
815    | 698.63         
816    | 702.39         
817    | 699.65         
818    | 699.86         
819    | 701.87         
820    | 702.44         
821    | 697.00         
822    | 699.33         
823    | 699.74         
824    | 701.96         
825    | 697.88         
826    | 698.62         
827    | 697.85         
828    | 700.52         
829    | 696.83         
830    | 703.19         
831    | 697.76         
832    | 702.24         
833    | 698.98         
834    | 698.42         
835    | 697.36         
836    | 703.49         
837    | 700.55         
838    | 697.54         
839    | 699.31         
840    | 703.54         
841    | 701.00         
842    | 702.94         
843    | 700.84         
844    | 701.06         
845    | 697.09         
846    | 697.23         
847    | 696.73         
848    | 703.22         
849    | 696.87         
850    | 703.44         
851    | 697.25         
852    | 700.88         
853    | 696.92         
854    | 697.75         
855    | 699.35         
856    | 700.84         
857    | 702.58         
858    | 697.98         
859    | 699.59         
860    | 702.60         
861    | 699.76         
862    | 699.57         
863    | 696.62         
864    | 697.22         
865    | 697.44         
866    | 697.03         
867    | 697.45         
868    | 703.31         
869    | 702.53         
870    | 703.07         
871    | 698.82         
872    | 702.63         
873    | 702.24         
874    | 702.66         
875    | 702.15         
876    | 701.79         
877    | 699.53         
878    | 702.48         
879    | 700.38         
880    | 700.70         
881    | 700.84         
882    | 702.04         
883    | 703.18         
884    | 700.92         
885    | 698.88         
886    | 697.29         
887    | 702.99         
888    | 697.38         
889    | 700.02         
890    | 699.63         
891    | 698.37         
892    | 701.28         
893    | 700.43         
894    | 697.82         
895    | 699.64         
896    | 699.76         
897    | 700.28         
898    | 703.56         
899    | 701.30         
900    | 697.93         
901    | 702.88         
902    | 697.91         
903    | 696.67         
904    | 701.27         
905    | 703.49         
906    | 698.77         
907    | 698.02         
908    | 702.07         
909    | 698.84         
910    | 697.05         
911    | 699.91         
912    | 701.10         
913    | 697.38         
914    | 696.58         
915    | 699.11         
916    | 699.38         
917    | 696.83         
918    | 702.43         
919    | 696.90         
920    | 703.31         
921    | 698.62         
922    | 703.35         
923    | 699.01         
924    | 699.80         
925    | 698.84         
926    | 702.00         
927    | 701.52         
928    | 696.61         
929    | 696.72         
930    | 696.84         
931    | 699.47         
932    | 703.25         
933    | 698.36         
934    | 701.70         
935    | 701.55         
936    | 697.19         
937    | 698.29         
938    | 699.90         
939    | 702.07         
940    | 699.01         
941    | 697.48         
942    | 697.01         
943    | 699.44         
944    | 697.76         
945    | 703.60         
946    | 697.29         
947    | 698.38         
948    | 701.89         
949    | 702.20         
950    | 698.79         
951    | 702.25         
952    | 703.04         
953    | 698.51         
954    | 702.43         
955    | 701.65         
956    | 701.96         
957    | 699.47         
958    | 700.46         
959    | 701.02         
960    | 698.90         
961    | 700.45         
962    | 698.69         
963    | 698.33         
964    | 697.12         
965    | 699.62         
966    | 701.96         
967    | 696.59         
968    | 697.15         
969    | 703.10         
970    | 696.80         
971    | 699.78         
972    | 701.88         
973    | 698.14         
974    | 697.17         
975    | 702.50         
976    | 696.88         
977    | 702.83         
978    | 697.13         
979    | 702.31         
980    | 696.81         
981    | 699.78         
982    | 700.47         
983    | 702.50         
984    | 698.58         
985    | 703.20         
986    | 702.56         
987    | 699.71         
988    | 696.99         
989    | 703.36         
990    | 699.09         
991    | 700.46         
992    | 701.25         
993    | 700.59         
994    | 702.30         
995    | 696.86         
996    | 698.05         
997    | 700.97         
998    | 702.21         
999    | 696.67         
1000   | 697.03         
1001   | 702.44         
1002   | 702.51         
1003   | 703.50         
1004   | 698.26         
1005   | 701.32         
1006   | 703.37         
1007   | 699.60         
1008   | 701.52         
1009   | 697.24         
1010   | 699.58         
1011   | 697.53         
1012   | 700.75         
1013   | 699.76         
1014   | 700.45         
1015   | 699.90         
1016   | 699.91         
1017   | 699.68         
1018   | 697.10         
1019   | 699.59         
1020   | 702.04         
1021   | 2253.19        
1022   | 2253.45        
1023   | 2247.64        
1024   | 2250.53        
1025   | 2249.90        
1026   | 2249.73        
1027   | 2253.58        
1028   | 2248.78        
1029   | 2253.28        
1030   | 2253.45        
1031   | 2249.45        
1032   | 2246.63        
1033   | 2248.06        
1034   | 2247.74        
1035   | 2246.42        
1036   | 2253.00        
1037   | 2250.10        
1038   | 2251.88        
1039   | 2248.62        
1040   | 2250.40        
1041   | 2246.83        
1042   | 2247.02        
1043   | 2251.11        
1044   | 2249.61        
1045   | 2252.37        
1046   | 2248.88        
1047   | 2251.81        
1048   | 2252.19        
1049   | 2249.79        
1050   | 2249.34        
1051   | 2249.10        
1052   | 2251.38        
1053   | 2251.34        
1054   | 2252.85        
1055   | 2250.16        
1056   | 2249.51        
1057   | 2249.32        
1058   | 2252.51        
1059   | 2250.34        
1060   | 2247.94        
1061   | 2248.59        
1062   | 2247.57        
1063   | 2250.76        
1064   | 2247.60        
1065   | 2249.18        
1066   | 2252.46        
1067   | 2253.08        
1068   | 2250.53        
1069   | 2250.47        
1070   | 2246.96        
1071   | 2247.69        
1072   | 2247.04        
1073   | 2253.09        
1074   | 2246.65        
1075   | 2246.44        
1076   | 2251.09        
1077   | 2252.08        
1078   | 2247.79        
1079   | 2247.91        
1080   | 2246.94        
1081   | 2251.81        
1082   | 2247.91        
1083   | 2253.33        
1084   | 2251.26        
1085   | 2250.20        
1086   | 2252.93        
1087   | 2248.92        
1088   | 2252.81        
1089   | 2248.99        
1090   | 2247.92        
1091   | 2250.93        
1092   | 2251.59        
1093   | 2250.78        
1094   | 2249.13        
1095   | 2250.87        
1096   | 2251.11        
1097   | 2248.49        
1098   | 2249.00        
1099   | 2247.46        
1100   | 2250.50        
1101   | 2249.53        
1102   | 2250.86        
1103   | 2252.98        
1104   | 2247.28        
1105   | 2250.81        
1106   | 2248.25        
1107   | 2252.77        
1108   | 2252.11        
1109   | 2250.74        
1110   | 2246.47        
1111   | 2251.43        
1112   | 2247.80        
1113   | 2247.90        
1114   | 2252.52        
1115   | 2247.65        
1116   | 2248.83        
1117   | 2249.13        
1118   | 2252.25        
1119   | 2251.91        
1120   | 2252.20        
1121   | 2249.64        
1122   | 2252.93        
1123   | 2246.48        
1124   | 2248.96        
1125   | 2252.05        
1126   | 2248.43        
1127   | 2248.26        
1128   | 2246.70        
1129   | 2252.50        
1130   | 2247.75        
1131   | 2248.02        
1132   | 2248.38        
1133   | 2246.75        
1134   | 2246.75        
1135   | 2253.18        
1136   | 2247.66        
1137   | 2247.47        
1138   | 2250.26        
1139   | 2247.98        
1140   | 2248.54        
1141   | 2252.94        
1142   | 2247.38        
1143   | 2247.33        
1144   | 2253.57        
1145   | 2250.26        
1146   | 2248.26        
1147   | 2249.15        
1148   | 2250.20        
1149   | 2252.55        
1150   | 2252.85        
1151   | 2249.42        
1152   | 2251.73        
1153   | 2246.86        
1154   | 2252.87        
1155   | 2252.36        
1156   | 2251.44        
1157   | 2252.39        
1158   | 2253.17        
1159   | 2252.05        
1160   | 2249.07        
1161   | 2249.10        
1162   | 2251.25        
1163   | 2252.80        
1164   | 2249.14        
1165   | 2253.52        
1166   | 2251.87        
1167   | 2250.39        
1168   | 2252.34        
1169   | 2253.52        
1170   | 2252.31        
1171   | 2251.94        
1172   | 2247.77        
1173   | 2246.61        
1174   | 2250.33        
1175   | 2248.81        
1176   | 2251.97        
1177   | 2250.07        
1178   | 2251.47        
1179   | 2250.84        
1180   | 2251.83        
1181   | 2253.17        
1182   | 2248.99        
1183   | 2251.95        
1184   | 2252.66        
1185   | 2249.45        
1186   | 2252.33        
1187   | 2253.13        
1188   | 2250.58        
1189   | 2250.17        
1190   | 2247.66        
1191   | 2247.39        
1192   | 2251.84        
1193   | 2251.95        
1194   | 2248.65        
1195   | 2249.61        
1196   | 2250.28        
1197   | 2248.24        
1198   | 2252.53        
1199   | 2249.87        
1200   | 2249.68        
1201   | 2249.65        
1202   | 2248.95        
1203   | 2249.33        
1204   | 2250.74        
1205   | 2251.33        
1206   | 2251.75        
1207   | 2251.45        
1208   | 2246.54        
1209   | 2246.52        
1210   | 2250.09        
1211   | 2247.90        
1212   | 2251.10        
1213   | 2252.32        
1214   | 2248.96        
1215   | 2248.83        
1216   | 2247.57        
1217   | 2253.45        
1218   | 2251.16        
1219   | 2251.15        
1220   | 2248.85        
1221   | 2252.12        
1222   | 2253.35        
1223   | 2248.03        
1224   | 2251.99        
1225   | 2247.04        
1226   | 2249.54        
1227   | 2248.84        
1228   | 2252.39        
1229   | 2251.91        
1230   | 2252.69        
1231   | 2246.72        
1232   | 2252.69        
1233   | 2246.78        
1234   | 2249.04        
1235   | 2247.46        
1236   | 2248.69        
1237   | 2252.46        
1238   | 2247.14        
1239   | 2248.82        
1240   | 2250.38        
1241   | 2246.53        
1242   | 2248.30        
1243   | 2252.98        
1244   | 2246.76        
1245   | 2246.64        
1246   | 2250.87        
1247   | 2247.03        
1248   | 2250.04        
1249   | 2251.06        
1250   | 2252.29        
1251   | 2246.99        
1252   | 2249.81        
1253   | 2251.64        
1254   | 2248.18        
1255   | 2247.61        
1256   | 2246.90        
1257   | 2246.66        
1258   | 2248.86        
1259   | 2252.02        
1260   | 2252.63        
1261   | 448.00         
1262   | 449.90         
1263   | 450.62         
1264   | 451.47         
1265   | 453.51         
1266   | 451.52         
1267   | 446.92         
1268   | 451.59         
1269   | 450.53         
1270   | 450.03         
1271   | 452.39         
1272   | 452.57         
1273   | 448.20         
1274   | 450.03         
1275   | 449.09         
1276   | 448.71         
1277   | 452.01         
1278   | 446.54         
1279   | 451.87         
1280   | 448.35         
1281   | 447.19         
1282   | 448.67         
1283   | 452.16         
1284   | 450.48         
1285   | 451.45         
1286   | 447.38         
1287   | 448.14         
1288   | 447.74         
1289   | 448.12         
1290   | 452.96         
1291   | 452.14         
1292   | 448.41         
1293   | 449.22         
1294   | 451.99         
1295   | 453.17         
1296   | 451.20         
1297   | 452.10         
1298   | 452.71         
1299   | 450.03         
1300   | 452.69         
1301   | 448.91         
1302   | 448.52         
1303   | 452.56         
1304   | 447.10         
1305   | 452.65         
1306   | 447.74         
1307   | 452.61         
1308   | 448.93         
1309   | 449.82         
1310   | 449.08         
1311   | 448.96         
1312   | 449.69         
1313   | 446.55         
1314   | 452.12         
1315   | 450.20         
1316   | 451.48         
1317   | 453.45         
1318   | 447.57         
1319   | 451.26         
1320   | 450.44         
1321   | 210.00         
1322   | 210.00         
1323   | 210.00         
1324   | 210.00         
1325   | 210.00         
1326   | 210.00         
1327   | 210.00         
1328   | 210.00         
1329   | 210.00         
1330   | 210.00         
1331   | 210.00         
1332   | 210.00         
1333   | 210.00         
1334   | 210.00         
1335   | 210.00         
1336   | 210.00         
1337   | 210.00         
1338   | 210.00         
1339   | 210.00         
1340   | 210.00         
1341   | 210.00         
1342   | 210.00         
1343   | 210.00         
1344   | 210.00         
1345   | 210.00         
1346   | 210.00         
1347   | 210.00         
1348   | 210.00         
1349   | 210.00         
1350   | 210.00         
1351   | 210.00         
1352   | 210.00         
1353   | 210.00         
1354   | 210.00         
1355   | 210.00         
1356   | 210.00         
1357   | 210.00         
1358   | 210.00         
1359   | 210.00         
1360   | 210.00         
1361   | 210.00         
1362   | 210.00         
1363   | 210.00         
1364   | 210.00         
1365   | 210.00         
1366   | 210.00         
1367   | 210.00         
1368   | 210.00         
1369   | 210.00         
1370   | 210.00         
1371   | 210.00         
1372   | 210.00         
1373   | 210.00         
1374   | 210.00         
1375   | 210.00         
1376   | 210.00         
1377   | 210.00         
1378   | 210.00         
1379   | 210.00         
1380   | 210.00         
1381   | 210.00         
1382   | 210.00         
1383   | 210.00         
1384   | 210.00         
1385   | 210.00         
1386   | 210.00         
1387   | 210.00         
1388   | 210.00         
1389   | 210.00         
1390   | 210.00         
1391   | 210.00         
1392   | 210.00         
1393   | 210.00         
1394   | 210.00         
1395   | 210.00         
1396   | 210.00         
1397   | 210.00         
1398   | 210.00         
1399   | 210.00         
1400   | 210.00         
1401   | 210.00         
1402   | 210.00         
1403   | 210.00         
1404   | 210.00         
1405   | 210.00         
1406   | 210.00         
1407   | 210.00         
1408   | 210.00         
1409   | 210.00         
1410   | 210.00         
1411   | 210.00         
1412   | 210.00         
1413   | 210.00         
1414   | 210.00         
1415   | 210.00         
1416   | 210.00         
1417   | 210.00         
1418   | 210.00         
1419   | 210.00         
1420   | 210.00         
1421   | 210.00         
1422   | 210.00         
1423   | 210.00         
1424   | 210.00         
1425   | 210.00         
1426   | 210.00         
1427   | 210.00         
1428   | 210.00         
1429   | 210.00         
1430   | 210.00         
1431   | 210.00         
1432   | 210.00         
1433   | 210.00         
1434   | 210.00         
1435   | 210.00         
1436   | 210.00         
1437   | 210.00         
1438   | 210.00         
1439   | 210.00         
1440   | 210.00         
